  1 00 04 35.65 -47 36 19.1  0.017 0.003  1.7 -52  0.033 0.001 3.2 -45  0.025 0.001 2.8 -43
  2 00 10 35.92 -30 27 48.3  0.040 0.003  4.1  10  0.016 0.001 2.0 -22  0.009 0.001 1.4 -37
  3 00 11 01.27 -26 12 33.1  0.009 0.001  1.3 -36  0.009 0.003 1.0 -38  0.006 0.002 0.9  -1
  4 00 12 59.89 -39 54 26.4  0.073 0.002  4.1 -89  0.078 0.002 3.3 -80  0.047 0.001 2.2  89
  5 00 25 49.18 -26 02 12.7  0.012 0.002  0.9  26 <0.009                0.038 0.003 0.8  27
  6 00 26 16.40 -35 12 49.4  0.011 0.004  0.7  50 <0.004               <0.003
  7 00 38 14.72 -24 59 01.9  0.017 0.002  1.3  87 <0.007                0.008 0.001 1.0  28
  8 00 49 59.48 -57 38 27.6  0.014 0.003  0.7 -22  0.069 0.001 2.8 -11  0.067 0.001 3.2   0
  9 00 51 09.50 -42 26 32.5  0.029 0.003  1.8 -16
 10 00 58 46.64 -56 59 11.4  0.012 0.003  1.3 -71  0.012 0.001 1.8 -81  0.003 0.001 0.5  52
 11 01 02 15.07 -80 12 40.1  0.023 0.003  2.5 -33  0.014 0.001 2.0 -28  0.005 0.001 1.0 -80
 12 01 02 18.65 -75 46 53.0 <0.008                 0.006 0.001 1.0 -19 <0.002
 13 01 06 45.11 -40 34 19.5  0.055 0.002  2.3  52
 14 01 17 48.81 -21 11 07.4  0.013 0.002  1.3  43  0.022 0.002 2.5  49  0.022 0.002 2.3  57
 15 01 18 57.30 -21 41 30.1  0.032 0.002  2.8  57  0.036 0.002 3.1  65  0.028 0.002 2.7  73
 16 01 20 31.71 -27 01 24.6  0.036 0.001  5.1  -8  0.066 0.002 5.7  -2  0.071 0.002 5.7   0
 17 01 24 57.37 -51 13 16.1 <0.008                 0.005 0.001 1.3 -70  0.006 0.001 2.5 -72
 18 01 32 43.53 -16 54 48.2  0.090 0.002  3.9  34  0.064 0.002 3.3  39  0.024 0.002 1.3  48
 19 01 33 05.77 -52 00 03.5  0.009 0.003  0.6 -80  0.019 0.001 1.2  64  0.045 0.001 3.1  75
 20 01 33 57.6  -36 29 34.9  
 21 01 34 32.14 -38 43 33.7 <0.009                 0.010 0.001 1.6  84  0.008 0.001 1.6 -84
 22 01 37 38.33 -24 30 53.6  0.010 0.001  0.8 -47  0.022 0.003 0.9   6  0.043 0.002 2.1 -15
 23 01 43 10.13 -32 00 55.7  0.016 0.003  2.7  88 <0.004                0.004 0.001 1.3 -27
 24 01 45 03.39 -27 33 33.9  0.013 0.002  1.9   4  0.015 0.002 1.3  36  0.013 0.002 1.0 -28
 25 01 53 10.19 -33 10 26.7 <0.010                 0.009 0.001 1.4  48  0.013 0.001 1.5  46
 26 02 04 57.76 -17 01 20.1  0.064 0.002  2.3 -77  0.109 0.004 1.9 -59  0.042 0.002 2.3 -71
 27 02 10 46.19 -51 01 01.4  0.050 0.003  1.4  -7  0.032 0.003 1.0 -21  0.039 0.001 1.2 -17
 28 02 16 48.19 -32 47 40.6  0.022 0.003  3.6  86  0.005 0.001 0.8 -61  0.004 0.001 1.1  52
 29 02 22 56.40 -34 41 27.7  0.016 0.003  1.2 -26  0.027 0.002 2.0  -5  0.036 0.001 2.8  -4
 30 02 29 34.51 -78 47 44.0  0.028 0.003  2.4  59  0.012 0.001 1.4  50  0.012 0.001 1.6  44
 31 02 31 11.77 -47 46 12.0 <0.006
 32 02 36 31.11 -29 53 55.1  0.011 0.002  1.2 -23  0.006 0.001 0.7 -70 <0.003
 33 02 36 53.27 -61 36 15.2  0.026 0.001  4.5  69
 34 02 40 08.13 -23 09 15.8  0.030 0.002  2.7 -33  0.084 0.002 3.1 -31  0.116 0.001 3.4 -36
 35 02 45 54.07 -44 59 39.5 <0.007                 0.013 0.001 2.0  -8  0.014 0.001 1.9  -3
 36 02 53 29.20 -54 41 51.4  0.030 0.003  1.3  44  0.040 0.001 2.4  14  0.026 0.001 1.8  -2
 37 03 03 50.64 -62 11 25.2  0.036 0.001  2.5 -70
 38 03 09 56.12 -60 58 39.0  0.008 0.001  0.8  34
 39 03 11 55.33 -76 51 51.2  0.026 0.002  1.6  71                       0.015 0.001 1.6 -11
 40 03 27 59.97 -22 02 06.3  0.011 0.001  1.9  49  0.018 0.001 2.3  47  0.025 0.001 3.5  48
 41 03 29 54.10 -23 57 08.7  0.023 0.002  1.4 -62  0.025 0.002 1.3  22  0.007 0.001 0.4  37
 42 03 34 13.62 -40 08 25.3  0.032 0.003  2.3  13
 43 03 36 54.12 -36 16 06.0  0.005 0.002  0.5  16  0.008 0.001 1.3   8  0.007 0.001 1.3  43
 44 03 40 35.65 -21 19 30.8  0.026 0.001  2.1   8  0.027 0.002 1.5   0  0.023 0.001 1.6 -14
 45 03 48 38.11 -27 49 13.4  0.174 0.003  9.0 -77  0.088 0.002 4.0 -67  0.021 0.001 1.3   0
 46 03 48 39.28 -16 10 17.2  0.043 0.002  3.5 -88  0.036 0.002 2.3 -88  0.014 0.001 1.4  47
 47 03 49 57.82 -21 02 47.2  0.029 0.001  3.0 -67  0.028 0.003 1.7 -74
 48 03 52 11.00 -25 14 50.2  0.013 0.001  2.0   9 <0.008                0.007 0.001 1.3  47
 49 04 03 53.77 -36 05 00.9  0.092 0.003  2.1  61                       0.029 0.001 1.2  67
 50 04 06 58.98 -38 26 27.5  0.056 0.002  4.3  14  0.037 0.001 2.2   3  0.025 0.001 1.7 -24
 51 04 07 33.92 -33 03 45.3  0.012 0.002  1.8  85  0.006 0.002 0.8 -89  0.007 0.001 1.0 -86
 52 04 08 48.75 -75 07 20.1  
 53 04 16 36.61 -18 51 08.9  0.019 0.002  1.9 -85  0.021 0.003 1.4 -69  0.005 0.001 0.8 -60
 54 04 24 42.27 -37 56 21.0  0.019 0.003  0.9 -87  0.020 0.002 1.1 -71  0.020 0.001 1.3  87
 55 04 28 40.37 -37 56 19.3  0.042 0.002  2.2 -46  0.070 0.001 3.8 -30  0.066 0.001 4.0 -30
 56 04 37 01.51 -18 44 48.7  0.010 0.002  1.2 -37 <0.006               <0.004
 57 04 37 36.56 -29 54 03.9  0.019 0.003  2.9 -66  0.011 0.001 1.5 -39  0.014 0.001 2.0 -46
 58 04 39 00.83 -45 22 22.6  0.047 0.002  5.8  13  0.055 0.001 6.0   9  0.040 0.001 4.3   0
 59 04 40 17.17 -43 33 08.4  0.046 0.002  2.3   4  0.073 0.002 2.4   8  0.056 0.001 1.5 -65
 60 04 40 47.80 -69 52 16.6  0.025 0.004  3.5 -82  0.006 0.001 2.1  44  0.003 0.001 1.4  20
 61 04 50 05.45 -81 01 02.2  
 62 04 53 14.64 -28 07 37.4  0.047 0.002  1.9  67                       0.086 0.001 2.9 -82
 63 04 55 50.79 -46 15 58.6  0.182 0.003  4.0  58  0.076 0.002 1.6  58  0.060 0.001 2.1  22
 64 04 57 03.23 -23 24 51.8  0.091 0.003  2.1 -33  0.108 0.004 1.5 -30  0.052 0.002 1.1 -44
 65 05 06 43.96 -61 09 41.0  0.020 0.001  1.1 -25
 66 05 13 49.10 -21 59 17.4  0.077 0.001  6.2 -44  0.049 0.002 3.3 -56  0.009 0.001 0.7 -65
 67 05 15 45.23 -45 56 43.2  0.074 0.003  4.4  16  0.035 0.001 2.3   3  0.023 0.001 1.7  19
 68 05 16 44.98 -62 07 05.1  0.055 0.002  5.6 -22
 69 05 19 49.7  -45 46 44.2  1.400 0.000 16.4   0
 70 05 22 34.40 -61 07 57.0  0.018 0.002  2.9  47  0.016 0.001 2.6  65  0.019 0.001 3.1  82
 71 05 22 57.94 -36 27 30.4  
 72 05 25 06.48 -23 38 11.1  0.004 0.002  0.3  63 <0.005               <0.004
 73 05 29 30.02 -72 45 28.2  0.020 0.002  3.4 -27
 74 05 36 28.45 -34 01 10.8  0.016 0.002  1.5 -85  0.007 0.001 0.8 -77  0.007 0.001 1.0 -80
 75 05 38 50.35 -44 05 08.6  0.175 0.008  2.9 -44  0.122 0.004 2.3 -59  0.068 0.001 1.7 -44
 76 05 39 54.17 -28 39 56.3  0.052 0.002  4.2  41  0.066 0.002 4.9  41  0.051 0.001 3.5  46
 77 05 40 45.78 -54 18 21.7  0.034 0.002  2.8  27  0.019 0.001 1.8  20  0.012 0.001 1.8  63
 78 05 50 09.55 -57 32 24.5  0.071 0.002  6.4  -9  0.055 0.001 5.3  -7  0.025 0.001 2.8   0
 79 05 59 11.53 -45 29 40.4  0.008 0.002  1.1  -2  0.010 0.001 1.9 -70  0.012 0.001 3.4 -69
 80 06 00 31.31 -39 37 01.7  0.018 0.002  2.8 -87
 81 06 04 25.13 -42 25 30.1  0.042 0.002  7.2 -24
 82 06 08 59.76 -22 20 21.3  0.009 0.001  0.8 -34  0.008 0.002 0.5   4 <0.004
 83 06 09 41.03 -15 42 41.6  0.221 0.005  4.5  21  0.201 0.009 3.3  43  0.103 0.005 2.4  45
 84 06 20 29.31 -28 27 36.2  0.034 0.001  5.2  24 <0.006                0.011 0.001 1.7  84
 85 06 20 32.10 -25 15 17.9  0.053 0.001  5.1 -13  0.051 0.002 4.0 -19  0.033 0.001 2.7 -18
 86 06 23 07.75 -64 36 20.7  0.005 0.001  0.4   7
 87 06 27 06.73 -35 29 16.1  0.012 0.002  1.5  79  0.027 0.001 2.0  84  0.032 0.001 2.0 -84
 88 06 29 23.76 -19 59 19.4  0.075 0.001  5.2  38  0.061 0.002 3.3  21  0.037 0.002 3.3  25
 89 06 31 11.99 -41 54 27.1  0.004 0.001  0.7  -4
 90 06 33 26.76 -22 23 22.6  0.020 0.001  2.7 -36 <0.006               <0.004
 91 06 34 58.99 -23 35 12.6  0.046 0.002  3.9  38  0.027 0.002 1.8  63  0.012 0.001 1.1  86
 92 06 35 46.33 -75 16 16.9  
 93 06 48 14.18 -30 44 19.3  0.020 0.002  2.1 -61  0.005 0.001 0.5 -61  0.004 0.001 0.5  82
 94 06 48 28.53 -17 44 05.9  0.027 0.001  2.1 -33  0.074 0.004 3.4 -42  0.042 0.002 5.2 -28
 95 06 50 24.60 -16 37 40.0  0.013 0.002  0.5 -25  0.027 0.003 0.5 -27  0.006 0.002 0.2  26
 96 07 01 34.55 -46 34 36.9  0.025 0.003  2.1  83
 97 07 31 06.67 -23 41 47.8  0.031 0.002  1.9 -30  0.044 0.002 2.1   6  0.050 0.001 3.1  47
 98 07 41 45.20 -47 09 26.7  0.013 0.002  1.9   6                       0.022 0.001 3.6 -28
 99 07 43 20.60 -56 19 34.2  0.006 0.003  0.7 -58  0.004 0.001 0.6  71 <0.003
100 07 43 31.60 -67 26 25.8  
101 07 47 19.72 -33 10 46.6  0.026 0.002  2.2  40
102 07 48 03.09 -16 39 50.3 <0.005                <0.006               <0.004
103 07 56 50.65 -15 42 04.7  0.013 0.002  1.2  45  0.032 0.002 2.0 -89  0.044 0.002 2.8 -75
104 08 04 51.44 -27 49 11.7  0.043 0.002  3.8   4  0.048 0.001 3.9  19  0.026 0.001 3.7  30
105 08 11 08.85 -49 29 43.6  0.019 0.002  2.8 -43  0.029 0.001 3.6 -64 <0.003
106 08 16 40.41 -24 21 05.8  0.020 0.002  2.8 -28 <0.005                0.012 0.001 2.9 -45
107 08 25 26.88 -50 10 39.0 <0.009                 0.031 0.002 1.6   1  0.055 0.001 1.6  86
108 08 26 01.60 -22 30 27.1  0.035 0.002  3.4  -2  0.060 0.001 4.7  18  0.047 0.001 4.4  59
109 08 35 29.08 -59 53 11.5 <0.008                <0.004               <0.003
110 08 36 39.21 -20 16 58.9  0.026 0.002  0.9  23  0.031 0.002 0.6  77  0.034 0.002 0.8  56
111 08 37 00.39 -34 09 12.9  0.030 0.003  3.2  87  0.048 0.003 4.4  81  0.017 0.001 2.5  75
112 08 45 02.47 -54 58 08.8  0.064 0.003  6.1  18  0.095 0.002 8.0  18  0.068 0.001 7.5  34
113 08 49 45.66 -35 41 01.7  0.040 0.002  6.4 -85  0.034 0.002 5.4 -65  0.023 0.001 4.2 -57
114 08 58 05.38 -19 50 35.5  0.035 0.002  3.4  39                       0.015 0.001 2.0  65
115 09 00 40.02 -28 08 22.8  0.129 0.002  9.9  52                       0.016 0.002 0.7 -84
116 09 04 53.33 -57 35 04.4  0.095 0.005  5.2  63  0.055 0.001 4.5 -69  0.047 0.001 2.6 -71
117 09 06 51.25 -20 19 57.2  0.035 0.003  3.4 -23  0.023 0.002 2.4 -13  0.025 0.001 3.2 -46
118 09 19 44.06 -53 40 05.1  
119 09 20 43.25 -29 56 30.6  0.008 0.002  1.0  43 <0.005                0.003 0.001 0.6 -87
120 09 21 29.41 -26 18 44.2  0.100 0.002  4.2  18  0.162 0.003 4.0   7  0.103 0.002 2.9   1
121 09 22 46.44 -39 59 35.1  0.083 0.004  5.9 -87
122 09 27 51.90 -20 34 50.4 <0.010                 0.018 0.002 1.9  69  0.017 0.002 2.8  56
123 09 58 02.93 -57 57 42.7 <0.009                <0.004               <0.003
124 10 01 59.89 -44 38 00.2 <0.010                 0.006 0.002 0.6  51  0.009 0.001 1.2  67
125 10 06 13.90 -50 18 13.7  0.011 0.003  0.9 -16  0.035 0.001 3.2 -43  0.031 0.001 3.0 -19
126 10 07 31.36 -33 33 06.6  0.012 0.002  1.5 -53
127 10 14 50.33 -45 08 41.2  0.015 0.003  2.2  -4
128 10 18 28.76 -31 23 53.3  0.019 0.004  2.5  60  0.009 0.002 0.9 -88
129 10 23 43.47 -66 46 47.8  0.015 0.001  2.6 -88  0.006 0.001 0.9  51  0.002 0.001 0.3  11
130 10 35 02.15 -20 11 34.4  0.008 0.002  0.6 -85  0.029 0.002 1.2 -58  0.029 0.001 1.5 -70
131 10 36 53.43 -37 44 15.2 <0.008                <0.005                0.003 0.001 0.8 -82
132 10 37 16.01 -29 34 02.8  0.075 0.002  2.0  76  0.161 0.002 4.9  63  0.118 0.002 5.0  47
133 10 38 40.56 -53 11 42.9  0.034 0.003  1.7   1  0.025 0.001 1.5 -55  0.019 0.001 1.3  19
134 10 41 44.61 -47 39 60.0  0.028 0.004  1.8  14  0.056 0.002 3.8  29  0.059 0.001 3.9  18
135 10 47 42.94 -62 17 14.2  0.087 0.003  3.4  38  0.037 0.001 1.6 -12  0.053 0.001 3.9 -18
136 10 48 06.58 -19 09 35.3  0.024 0.001  1.9   9  0.074 0.002 3.4  31  0.052 0.001 3.2  46
137 10 51 09.14 -53 44 46.2  0.025 0.003  2.5 -32  0.032 0.002 3.0 -26  0.049 0.001 3.6 -26
138 10 58 43.02 -80 03 53.7  
139 11 01 54.42 -63 25 22.6  0.012 0.002  1.0 -84  0.011 0.001 1.2 -68  0.011 0.001 1.3   7
140 11 02 04.87 -44 04 22.6  0.010 0.003  1.3 -18
141 11 03 52.17 -53 57 00.8  0.007 0.003  1.0 -23  0.004 0.001 0.6  -5  0.004 0.001 0.6  28
142 11 04 46.06 -24 31 27.5  0.016 0.002  2.5 -73  0.008 0.002 0.7 -57  0.003 0.001 0.3 -77
143 11 07 08.73 -44 49 07.8  0.020 0.004  1.0 -42
144 11 07 12.85 -68 20 50.6 <0.006                 0.008 0.001 0.5  -4  0.002 0.001 0.2  54
145 11 12 07.16 -57 03 39.6  0.055 0.003  6.7 -80  0.069 0.001 6.7  -8  0.015 0.001 1.5  50
146 11 18 27.08 -46 34 15.3  0.039 0.005  3.3  -3  0.095 0.003 6.4  -1  0.179 0.003 8.4  -6
147 11 20 16.08 -27 19 08.1  0.024 0.002  2.7 -76 <0.008                0.009 0.001 0.9 -52
148 11 27 04.36 -18 57 19.0  0.038 0.002  2.1  30  0.086 0.002 3.7  46  0.075 0.002 4.4  36
149 11 31 43.48 -58 18 53.4  0.006 0.003  0.5 -56 <0.006               <0.005
150 11 36 02.21 -68 27 05.4  0.028 0.002  4.6  64  0.031 0.001 3.7  55  0.026 0.001 3.0  33
151 11 45 53.58 -69 54 04.1  0.020 0.002  1.7 -82 <0.004                0.002 0.001 0.4 -83
152 11 46 08.28 -24 47 34.1  0.103 0.003  5.4 -31  0.074 0.002 4.0 -29  0.060 0.001 2.9 -23
153 11 47 01.46 -38 12 10.7  0.027 0.003  1.8  20  0.011 0.002 0.9  41  0.007 0.002 0.6 -73
154 11 47 33.36 -67 53 41.5  0.035 0.002  1.6 -23  0.061 0.002 2.8  15  0.035 0.001 2.2 -36
155 11 52 53.67 -83 44 10.7  0.039 0.002  6.4  80  0.029 0.001 5.0  86  0.016 0.001 3.9 -90
156 11 54 21.79 -35 05 29.2  0.020 0.003  1.7   5  0.040 0.003 1.5  30 <0.005
157 12 05 33.37 -26 34 04.9  
158 12 09 02.64 -24 06 19.8  0.020 0.002  1.2 -50  0.010 0.004 0.4 -64  0.014 0.002 1.0   6
159 12 09 14.90 -20 32 38.8  0.003 0.002  0.0   0 <0.006               <0.004
160 12 15 46.88 -17 31 45.3  0.033 0.005  0.9  20  0.035 0.002 1.6  22  0.032 0.001 1.7  17
161 12 18 06.26 -46 00 30.3  0.081 0.003  9.5 -41  0.122 0.002 8.1 -48
162 12 27 26.74 -44 36 39.8 <0.009
163 12 45 53.72 -16 16 44.5  0.074 0.003  5.9  47  0.079 0.004 5.7  21  0.038 0.002 5.0  13
164 12 46 46.78 -25 47 49.0  
165 12 48 23.88 -19 59 18.4  
166 12 48 28.53 -45 59 47.8  0.020 0.003  1.3  33  0.055 0.003 3.6 -70  0.054 0.002 3.2 -84
167 12 52 43.12 -67 37 38.6  
168 12 54 37.24 -20 00 56.2  
169 12 54 59.80 -71 38 18.4  
170 12 57 59.20 -31 55 15.2  0.067 0.002  3.9 -76  0.147 0.002 5.8 -68  0.065 0.002 2.7 -75
171 12 58 38.27 -18 00 01.3  0.025 0.002  2.5 -15  0.009 0.003 0.8 -18  0.005 0.002 0.9 -12
172 12 58 54.52 -22 19 30.8  0.051 0.002  3.2  34                       0.026 0.002 1.9  31
173 13 03 49.22 -55 40 31.5  
174 13 05 27.47 -49 28 04.8  
175 13 15 04.24 -53 34 36.0  
176 13 16 08.09 -33 38 58.9  0.068 0.004  3.3 -31  0.052 0.002 3.2  -2  0.027 0.001 1.9 -11
177 13 21 12.81 -43 42 16.7  
178 13 21 14.02 -26 36 10.2  
179 13 25 27.7  -43 01 07.0  
180 13 26 49.58 -52 55 35.6  0.025 0.003  0.9 -45  0.004 0.001 0.4  51  0.010 0.001 1.0 -35
181 13 29 01.13 -56 08 02.6  
182 13 36 39.0  -33 57 58.2  
183 13 37 52.37 -65 09 25.4  
184 13 42 04.79 -20 51 29.0  0.042 0.002  6.3  48  0.028 0.002 3.1  54 <0.006
185 13 46 48.95 -60 24 29.1  
186 13 57 11.27 -15 27 29.5  0.007 0.002  0.9  48 <0.007                0.013 0.002 1.1  -8
187 14 09 50.13 -26 57 37.3  0.018 0.001  1.8  13  0.021 0.003 1.0   8  0.030 0.004 1.7 -45
188 14 18 58.88 -35 09 42.9  
189 14 19 35.22 -51 54 58.8  
190 14 24 32.24 -49 13 49.3  
191 14 24 55.56 -68 07 57.8  
192 14 27 41.31 -33 05 31.9  
193 14 27 56.30 -42 06 18.9  
194 14 33 21.45 -15 48 45.0  
195 14 38 09.46 -22 04 54.6  0.009 0.001  1.1 -46
196 14 54 27.46 -37 47 33.1  
197 14 54 32.92 -40 12 32.6  
198 14 57 26.70 -35 39 10.8  
199 15 07 04.78 -16 52 30.3  
200 15 08 38.98 -49 53 01.8  
201 15 13 57.01 -21 14 57.7  0.039 0.003  4.5 -54                      <0.027
202 15 14 40.05 -47 48 28.7  
203 15 17 41.76 -24 22 20.3  0.137 0.003  3.0  54  0.248 0.005 4.9  44  0.173 0.008 4.8  36
204 15 22 37.72 -27 30 11.1  0.109 0.002  7.6 -33  0.104 0.002 5.4 -27  0.043 0.003 3.1 -24
205 15 34 20.63 -53 51 12.7  
206 15 34 54.68 -35 26 23.8  
207 15 35 52.23 -47 30 21.8  
208 15 46 44.51 -68 37 28.9  0.013 0.002  2.1 -13
209 15 50 58.66 -82 58 06.9  
210 15 54 02.44 -27 04 39.8  0.016 0.002  1.7 -54  0.036 0.002 2.5 -45 <0.012
211 15 56 58.72 -79 14 04.9 <0.006                 0.009 0.003 0.2  -9 <0.004
212 15 59 41.26 -24 42 40.2  0.032 0.002  2.8 -70 <0.006                0.003 0.001 0.5  71
213 16 00 19.56 -46 49 08.0  0.046 0.002  7.7 -61
214 16 03 50.67 -49 04 05.1 <0.007
215 16 04 31.09 -44 41 31.3  0.060 0.002  3.8 -27  0.086 0.002 5.2 -16  0.076 0.002 4.7 -12
216 16 15 05.2  -60 54 25.5  0.169 0.000  4.4   0
217 16 17 17.96 -58 48 06.1  0.073 0.004  2.4  87  0.092 0.001 2.1 -75  0.127 0.001 2.8 -61
218 16 17 49.22 -77 17 18.5  0.033 0.002  1.4  47  0.138 0.004 1.9  59  0.133 0.002 2.5  81
219 16 24 18.59 -68 09 11.7 <0.006
220 16 25 46.99 -25 27 39.3  0.060 0.002  2.3 -70
221 16 26 06.04 -29 51 26.6  0.098 0.003  4.8  17
222 16 36 55.26 -41 02 00.7  0.006 0.004  0.0   0
223 16 47 37.79 -64 38 01.0  0.131 0.003 13.8  44
224 16 48 42.34 -33 01 47.7 <0.018                 0.012 0.003 0.8   2  0.013 0.002 2.1  39
225 16 50 16.49 -50 44 46.2  0.103 0.005  4.7 -60  0.071 0.002 2.7 -75  0.062 0.002 2.7  81
226 16 50 39.55 -29 43 47.0  
227 17 00 53.27 -26 10 52.6  0.009 0.002  1.4 -17
228 17 01 44.84 -56 21 55.6  
229 17 03 36.34 -62 12 38.2  0.005 0.002  0.4 -55  0.018 0.001 1.6 -32  0.012 0.001 1.2 -12
230 17 09 18.61 -35 25 21.0  0.140 0.006 10.6 -41  0.063 0.006 3.1 -53
231 17 09 34.40 -17 28 52.7  0.107 0.002 12.7 -36
232 17 13 10.02 -34 18 27.7  0.075 0.004  4.6  86  0.152 0.006 5.8  64  0.057 0.002 3.9  43
233 17 13 31.21 -26 58 53.4  0.035 0.002  2.3  26
234 17 13 50.99 -32 26 08.9  0.025 0.003  2.8  43  0.049 0.003 3.4  38  0.062 0.002 3.2  15
235 17 17 36.21 -33 42 06.6  0.009 0.004  0.9 -39  0.026 0.004 3.5 -52  0.029 0.003 4.5  82
236 17 23 41.10 -65 00 36.3 <0.006
237 17 33 15.32 -37 22 30.6 <0.014                 0.064 0.009 0.0   0  0.034 0.004 2.3  68
238 17 33 40.43 -79 35 55.7  
239 17 44 25.25 -51 44 45.2 <0.012                <0.004               <0.003
240 18 02 42.66 -39 40 07.8  
241 18 03 23.56 -65 07 36.8  0.003 0.001  0.2  -3
242 18 09 57.79 -45 52 41.2 <0.015
243 18 19 34.98 -63 45 48.2  
244 18 19 45.29 -55 21 21.8  0.031 0.004  1.9 -50  0.075 0.003 2.9 -38  0.064 0.002 2.5 -31
245 18 20 57.84 -25 28 12.4  
246 18 29 12.57 -58 13 54.9 <0.013                 0.022 0.002 1.7  51  0.016 0.001 1.5  53
247 18 32 11.13 -20 39 48.3  0.098 0.002  8.5 -57
248 18 33 39.95 -21 03 41.2  0.110 0.004  1.5  47
249 18 34 27.29 -58 56 36.7  0.118 0.004  7.4 -68  0.123 0.002 6.1 -62  0.060 0.002 4.2 -47
250 18 37 28.74 -71 08 43.0  0.009 0.004  0.3 -69  0.034 0.002 1.5 -81  0.031 0.001 1.3 -65
251 19 03 01.33 -67 49 35.5  0.028 0.001  5.1  15
252 19 11 09.71 -20 06 55.7  
253 19 12 40.38 -80 10 07.0  0.011 0.004  0.6  17
254 19 23 32.27 -21 04 33.4  0.079 0.003  2.0 -61  0.103 0.004 1.3 -57  0.053 0.002 1.3 -66
255 19 24 51.04 -29 14 30.2  0.148 0.006  1.0 -45                       1.329 0.009 2.8  45
256 19 30 06.08 -60 56 08.9  0.023 0.001  3.2  29
257 19 32 44.95 -45 36 38.3  0.017 0.004  3.0   3
258 19 35 57.62 -46 20 43.8  0.017 0.004  2.7  55
259 19 37 16.22 -39 58 01.6  0.083 0.002  4.1  87
260 19 39 24.83 -63 42 45.4 <0.007                <0.004               <0.004
261 19 39 26.74 -15 25 43.3  
262 19 40 25.74 -69 07 58.0  0.014 0.002  2.3  42  0.006 0.001 0.7  84  0.015 0.001 1.6  59
263 19 45 24.09 -55 20 49.0 <0.009                <0.004               <0.003
264 19 56 59.41 -32 25 46.0  0.007 0.002  0.6  42  0.026 0.002 2.3  19  0.019 0.002 1.8 -10
265 19 57 59.83 -38 45 06.8  0.117 0.009  2.8  -5
266 20 00 57.08 -17 48 57.4  
267 20 03 24.04 -32 51 42.4 <0.014
268 20 05 17.30 -18 22 03.1  
269 20 05 55.03 -37 23 39.7 <0.014
270 20 09 25.45 -48 49 53.9  0.010 0.003  1.0 -54
271 20 11 15.70 -15 46 40.2  
272 20 24 35.58 -32 53 35.6  
273 20 56 16.40 -47 14 47.9  0.009 0.002  1.3 -78
274 20 57 41.64 -37 34 02.3  0.035 0.004  3.9 -67
275 21 05 44.98 -78 25 35.0  0.011 0.003  1.1 -40  0.016 0.001 1.6  29  0.006 0.001 0.8  26
276 21 09 33.10 -41 10 20.5  0.150 0.003  8.6 -54
277 21 21 13.19 -37 03 08.9  0.010 0.004  1.0  36  0.007 0.002 0.8  33 <0.005
278 21 26 30.69 -46 05 48.2 <0.006                <0.005                0.028 0.002 4.0  -2
279 21 29 12.19 -15 38 40.9  
280 21 42 31.00 -24 44 39.1  
281 21 46 29.73 -77 55 54.9  0.046 0.003  3.0 -52  0.004 0.002 0.3 -61  0.004 0.001 0.6 -36
282 21 51 21.94 -27 42 23.4  
283 21 51 55.58 -30 27 53.8  0.023 0.006  1.1  49
284 21 57 06.07 -69 41 23.2  0.087 0.000  1.6   0
285 21 58 06.28 -15 01 09.3  
286 22 00 54.69 -55 20 08.2 <0.007                <0.005                0.005 0.001 2.2 -34
287 22 02 56.11 -23 35 11.1  0.033 0.003  2.4 -63
288 22 06 10.60 -18 35 39.5  0.235 0.005  3.9  43
289 22 07 43.82 -53 46 34.1  0.060 0.002  4.5 -13  0.059 0.002 4.1 -35  0.067 0.001 3.9 -47
290 22 13 02.60 -25 29 30.7  0.020 0.002  1.6 -30
291 22 29 00.22 -69 10 29.7  0.003 0.001  0.5   3
292 22 30 40.34 -39 42 51.8  
293 22 35 13.28 -48 35 58.7  0.018 0.003  0.8 -76                       0.007 0.001 0.6 -35
294 22 39 12.11 -57 01 01.1  0.029 0.003  2.7   2  0.026 0.002 2.1 -17  0.030 0.001 3.3  -6
295 22 43 26.47 -25 44 31.4  0.032 0.002  3.9 -54
296 22 46 16.77 -56 07 46.1  0.068 0.003  5.4  59  0.012 0.001 1.3  46  0.007 0.001 1.2 -71
297 22 47 03.81 -36 57 46.5  0.005 0.002  0.4 -13  0.013 0.001 1.1  13  0.012 0.001 1.1  68
298 22 48 38.67 -32 35 52.5  0.013 0.002  0.8 -69  0.036 0.002 2.2 -82  0.014 0.001 1.3  88
299 22 50 44.51 -28 06 40.0  0.043 0.001  7.8 -44
300 22 56 41.26 -20 11 41.3  0.031 0.002  2.2  78
301 22 57 10.50 -36 27 44.6  
302 22 58 05.97 -27 58 21.7  0.029 0.002  1.3 -67
303 23 03 03.02 -18 41 26.1  
304 23 03 43.46 -68 07 37.7  0.030 0.001  3.0  64
305 23 14 48.56 -31 38 38.6 <0.009                 0.015 0.003 1.6  80  0.019 0.001 3.1  82
306 23 15 44.24 -50 18 39.0  0.055 0.003  6.4  35  0.051 0.001 6.6  32  0.033 0.001 4.9  37
307 23 29 17.66 -47 30 19.2  0.045 0.002  2.9 -49  0.034 0.002 1.4 -43  0.094 0.001 3.9 -39
308 23 31 38.69 -15 56 57.0  
309 23 31 59.43 -38 11 47.4  0.021 0.004  3.5  40  0.020 0.002 2.3  59  0.009 0.001 1.4 -88
310 23 33 55.28 -23 43 40.8  
311 23 34 44.88 -52 51 19.4  0.008 0.003  0.8   8  0.012 0.001 1.3 -62  0.005 0.001 0.8  75
312 23 36 12.05 -52 36 22.1  0.030 0.002  2.5  49  0.004 0.001 0.2 -86  0.002 0.001 0.1 -59
313 23 45 12.47 -15 55 08.0  
314 23 48 02.63 -16 31 12.0  0.021 0.002  0.8  10                       0.054 0.002 1.4   1
315 23 54 30.18 -15 13 11.3  
316 23 56 00.67 -68 20 03.6 <0.006
317 23 57 53.41 -53 11 12.5 <0.009                 0.027 0.001 1.8 -13  0.038 0.001 2.8 -20
318 23 58 02.13 -45 55 18.8  0.005 0.002  0.8  85
319 23 59 04.7  -60 55 01.1  0.053 0.000  1.7   0
320 23 59 35.41 -31 33 44.9 <0.007                 0.006 0.001 0.7  50  0.014 0.001 1.5 -55
