0.0
0.993564100303636
1.5858119807207447
1.579530237150737
1.0763897498594581
0.4122147477075273
-0.031230734433534857
-0.03531093112706807
0.3390953651276179
0.7907706684766624
0.9510565162951533
0.5958100580910728
-0.21966069960779344
-1.1771415470596245
-1.8558835687611723
-1.9510565162951536
-1.43281019039687
-0.5603271072100946
0.25654267320954127
0.6732702563537414
0.5877852522924748
0.18368376081064425
-0.182727990483315
-0.18900973405332455
0.26650941036646225
0.9999999999999992
1.6356036222238413
1.807043722803219
1.3582984950682646
0.4343502279392557
-0.5877852522924721
-1.2913042451036354
-1.432113177794489
-1.057706881539805
-0.46930284219344154
-0.0489434837048478
-0.04622946382913351
-0.44089244169026737
-0.9559098049771484
-1.2138440468409657
-0.9510565162951555
-0.17273667972676998
0.8364751394573249
1.6533449198769583
1.933343767023843
1.5877852522924742
0.825723282730855
0.03850375159916031
-0.4102414761357984
-0.37553011155374383
-8.572527594031471e-16
0.375530111553736
0.41024147613579875
-0.03850375159915431
-0.8257232827308447
-1.5877852522924718
-1.9333437670238414
-1.6533449198769636
-0.8364751394573356
0.17273667972676487
0.9510565162951522
1.2138440468409706
0.9559098049771535
0.4408924416902771
0.04622946382913584
0.04894348370484369
0.46930284219343316
1.0577068815397983
1.4321131777944847
1.2913042451036363
0.5877852522924815
-0.43435022793924627
-1.3582984950682595
-1.80704372280322
-1.6356036222238455
-1.0000000000000093
-0.2665094103664699
0.18900973405332444
0.18272799048332045
-0.1836837608106373
-0.5877852522924665
-0.6732702563537392
-0.2565426732095448
0.5603271072100853
1.432810190396864
1.9510565162951505
1.8558835687611794
1.1771415470596287
0.21966069960780377
-0.5958100580910674
-0.9510565162951533
-0.7907706684766694
-0.33909536512762833
0.035310931127066625
0.031230734433536522
-0.41221474770751887
-1.0763897498594441
-1.5795302371507336
-1.5858119807207463
-0.993564100303645
-4.1637991171010006e-15
0.9935641003036313
1.585811980720746
1.579530237150745
1.0763897498594632
0.4122147477075351
-0.03123073443353308
-0.03531093112706829
0.33909536512761085
0.7907706684766508
0.9510565162951503
0.5958100580910782
-0.21966069960778306
-1.1771415470596107
-1.855883568761171
-1.9510565162951568
-1.4328101903968822
-0.5603271072100972
0.25654267320953883
0.6732702563537407
0.5877852522924746
0.18368376081065124
-0.18272799048330668
-0.1890097340533271
0.2665094103664597
0.9999999999999892
1.6356036222238308
1.8070437228032166
1.3582984950682695
0.43435022793926514
-0.5877852522924605
-1.291304245103638
-1.4321131777944935
-1.0577068815398185
-0.46930284219344487
-0.0489434837048498
-0.04622946382912807
-0.4408924416902643
-0.9559098049771405
-1.2138440468409575
-0.9510565162951609
-0.1727366797267752
0.8364751394573171
1.6533449198769556
1.933343767023843
1.5877852522924822
0.8257232827308643
0.03850375159915975
-0.41024147613579764
-0.3755301115537517
-2.0335326672211946e-14
0.37553011155373156
0.4102414761357992
-0.038503751599147096
-0.8257232827308425
-1.5877852522924636
-1.9333437670238398
-1.6533449198769734
-0.8364751394573366
0.1727366797267582
0.9510565162951458
1.2138440468409706
0.9559098049771646
0.44089244169028774
0.04622946382913673
0.048943483704842694
0.46930284219342355
1.0577068815397803
1.4321131777944842
1.2913042451036392
0.5877852522924872
-0.43435022793924555
-1.3582984950682429
-1.80704372280322
-1.6356036222238486
-1.0000000000000264
-0.2665094103664776
0.18900973405332344
0.1827279904833332
-0.18368376081062512
-0.587785252292471
-0.6732702563537372
-0.25654267320954827
0.5603271072100906
1.4328101903968484
1.9510565162951496
1.8558835687611739
1.1771415470596434
0.21966069960780749
-0.595810058091059
-0.9510565162951609
-0.7907706684766742
-0.33909536512764393
0.035310931127058076
0.0312307344335363
-0.412214747707505
-1.0763897498594415
-1.5795302371507325
-1.5858119807207456
-0.9935641003036448
-8.327598234202001e-15
0.9935641003036176
1.5858119807207447
1.5795302371507414
1.076389749859482
0.4122147477075375
-0.031230734433527307
-0.03531093112707673
0.33909536512760896
0.7907706684766369
0.9510565162951463
0.5958100580910739
-0.2196606996077719
-1.1771415470596114
-1.8558835687611674
-1.951056516295162
-1.4328101903968853
-0.5603271072101006
0.2565426732095285
0.6732702563537468
0.5877852522924828
0.1836837608106738
-0.18272799048331156
-0.1890097340533271
0.2665094103664468
0.9999999999999862
1.6356036222238184
1.8070437228032161
1.3582984950682668
0.4343502279392765
-0.5877852522924498
-1.2913042451036296
-1.4321131777945018
-1.0577068815398205
-0.469302842193447
-0.04894348370485513
-0.04622946382912496
-0.44089244169025815
-0.9559098049771313
-1.2138440468409641
-0.9510565162951586
-0.1727366797267914
0.8364751394573132
1.6533449198769454
1.9333437670238482
1.5877852522924847
0.8257232827308839
0.03850375159917563
-0.41024147613579676
-0.375530111553763
-2.204983219101824e-14
0.3755301115537306
0.4102414761357933
-0.03850375159914865
-0.8257232827308414
-1.5877852522924498
-1.9333437670238398
-1.653344919876968
-0.8364751394573542
0.1727366797267545
0.9510565162951463
1.2138440468409835
0.9559098049771722
0.4408924416902988
0.04622946382914361
0.048943483704841806
0.469302842193409
1.0577068815397783
1.432113177794478
1.2913042451036367
0.5877852522924837
-0.43435022793923467
-1.3582984950682402
-1.8070437228032195
-1.6356036222238504
-1.0000000000000293
-0.2665094103664779
0.189009734053325
0.18272799048333987
-0.1836837608106301
-0.5877852522924469
-0.6732702563537378
-0.2565426732095508
0.5603271072100595
1.4328101903968475
1.9510565162951488
1.8558835687611852
1.177141547059651
0.2196606996078112
-0.5958100580910565
-0.9510565162951606
-0.7907706684766755
-0.3390953651276516
0.03531093112705308
0.03123073443353508
-0.41221474770750266
-1.076389749859439
-1.579530237150713
-1.5858119807207465
-0.9935641003036482
-3.380767942410601e-14
0.9935641003036211
1.5858119807207491
1.5795302371507565
1.0763897498594823
0.41221474770753985
-0.03123073443352853
-0.035310931127081724
0.3390953651276014
0.7907706684766287
0.9510565162951394
0.5958100580910831
-0.2196606996077624
-1.1771415470596036
-1.855883568761156
-1.951056516295163
-1.432810190396886
-0.5603271072101276
0.2565426732095317
0.6732702563537394
0.5877852522924999
0.18368376081066884
-0.1827279904833049
-0.18900973405332566
0.2665094103664465
0.9999999999999833
1.6356036222238146
1.8070437228032208
1.3582984950682753
0.43435022793928735
-0.5877852522924534
-1.2913042451036294
-1.4321131777945082
-1.057706881539827
-0.46930284219347634
-0.04894348370485602
-0.046229463829126294
-0.4408924416902339
-0.9559098049771237
-1.2138440468409573
-0.9510565162951625
-0.17273667972681328
0.8364751394573151
1.6533449198769392
1.9333437670238514
1.5877852522924871
0.8257232827308849
0.03850375159919217
-0.41024147613580175
-0.37553011155377075
-5.929147449782954e-14
0.37553011155373645
0.41024147613579987
-0.03850375159912378
-0.825723282730836
-1.5877852522924474
-1.933343767023832
-1.6533449198769663
-0.8364751394573523
0.17273667972671913
0.9510565162951459
1.2138440468409768
0.9559098049771947
0.4408924416902785
0.04622946382914672
0.04894348370483215
0.46930284219342944
1.0577068815397803
1.4321131777944678
1.2913042451036398
0.5877852522924945
-0.4343502279392092
-1.358298495068261
-1.807043722803223
-1.6356036222238748
-1.0000000000000608
-0.2665094103664827
0.1890097340533199
0.1827279904833531
-0.18368376081062163
-0.5877852522924386
-0.6732702563537264
-0.2565426732095476
0.5603271072100602
1.4328101903968176
1.9510565162951479
1.8558835687611892
1.1771415470596767
0.2196606996078092
-0.5958100580910608
-0.9510565162951762
-0.7907706684766838
-0.33909536512764765
0.03531093112704109
0.031230734433538188
-0.4122147477075002
-1.0763897498594062
-1.5795302371507258
-1.585811980720742
-0.9935641003036654
-1.6655196468404002e-14
0.9935641003036111
1.5858119807207405
1.5795302371507436
1.0763897498594872
0.4122147477075653
-0.03123073443353508
-0.03531093112708683
0.3390953651275663
0.790770668476659
0.9510565162951327
0.5958100580910908
-0.2196606996077265
-1.1771415470596045
-1.855883568761152
-1.9510565162951727
-1.432810190396891
-0.560327107210127
0.2565426732095083
0.6732702563537591
0.5877852522925081
0.18368376081069201
-0.18272799048329835
-0.18900973405333066
0.2665094103664254
0.9999999999999803
1.6356036222238104
1.8070437228032152
1.3582984950682842
0.4343502279392847
-0.5877852522924196
-1.2913042451036398
-1.4321131777945029
-1.0577068815398607
-0.46930284219345136
-0.048943483704857016
-0.046229463829111084
-0.4408924416902624
-0.9559098049771163
-1.213844046840952
-0.9510565162951488
-0.17273667972679885
0.8364751394572896
1.653344919876956
1.9333437670238438
1.5877852522925124
0.8257232827308623
0.03850375159917241
-0.410241476135797
-0.3755301115537991
-2.5478843228630832e-14
0.3755301115536944
0.4102414761357932
-0.038503751599135105
-0.8257232827308068
-1.587785252292422
-1.933343767023835
-1.653344919876988
-0.836475139457378
0.17273667972674706
0.9510565162951279
1.2138440468409957
0.9559098049771642
0.4408924416903112
0.04622946382915749
0.04894348370484003
0.4693028421934045
1.0577068815397381
1.4321131777944767
1.2913042451036538
0.5877852522925139
-0.4343502279392265
-1.358298495068246
-1.8070437228032201
-1.6356036222238584
-1.0000000000000353
-0.2665094103665081
0.18900973405332488
0.18272799048333022
-0.1836837608105849
-0.5877852522924676
-0.6732702563537256
-0.25654267320957125
0.5603271072100332
1.4328101903968418
1.951056516295138
1.8558835687612008
1.1771415470596578
0.21966069960783358
-0.5958100580910396
-0.9510565162951742
-0.7907706684767033
-0.33909536512767124
0.035310931127051304
0.031230734433546625
-0.4122147477074749
-1.076389749859434
-1.5795302371507025
-1.5858119807207507
-0.9935641003036413
-4.2135277658308006e-14
0.9935641003035802
1.585811980720747
1.5795302371507587
1.07638974985952
0.4122147477075446
-0.031230734433531082
-0.03531093112709882
0.3390953651275862
0.7907706684766259
0.9510565162951455
0.5958100580910746
-0.21966069960775492
-1.1771415470595787
-1.8558835687611648
-1.9510565162951647
-1.4328101903969168
-0.5603271072101157
0.25654267320952673
0.6732702563537436
0.5877852522925393
0.18368376081067234
-0.1827279904832736
-0.18900973405332921
0.26650941036644593
0.999999999999949
1.6356036222237949
1.8070437228032135
1.3582984950682992
0.4343502279393102
-0.5877852522924462
-1.2913042451036394
-1.4321131777945244
-1.0577068815398227
-0.46930284219348073
-0.048943483704866675
-0.04622946382912008
-0.44089244169022984
-0.9559098049770824
-1.2138440468409573
-0.9510565162951526
-0.17273667972682072
0.836475139457296
1.6533449198769428
1.9333437670238518
1.5877852522924918
0.8257232827308916
0.03850375159918895
-0.4102414761358001
-0.37553011155375915
-6.272048553544213e-14
0.37553011155373445
0.41024147613579
-0.03850375159911856
-0.8257232827307773
-1.5877852522924427
-1.9333437670238274
-1.6533449198770014
-0.8364751394573715
0.17273667972672513
0.951056516295124
1.2138440468409906
0.9559098049771981
0.44089244169034386
0.04622946382914839
0.04894348370483037
0.46930284219337526
1.057706881539776
1.4321131777944551
1.291304245103654
0.5877852522924875
-0.434350227939201
-1.3582984950682306
-1.807043722803222
-1.6356036222238741
-1.0000000000000666
-0.2665094103664877
0.18900973405332644
0.18272799048335486
-0.18368376081060458
-0.5877852522924364
-0.6732702563537412
-0.2565426732095528
0.5603271072100446
1.432810190396816
1.951056516295146
1.855883568761188
1.1771415470596835
0.2196606996078051
-0.5958100580910561
-0.9510565162951613
-0.7907706684767364
-0.33909536512765137
0.0353109311270311
0.031230734433550733
-0.41221474770749544
-1.076389749859401
-1.5795302371506958
-1.5858119807207443
-0.9935641003036856
-6.761535884821202e-14
0.9935641003036044
1.5858119807207496
1.5795302371507822
1.0763897498594965
0.41221474770756994
-0.031230734433518204
-0.03531093112708861
0.339095365127574
0.7907706684765928
0.9510565162951475
0.5958100580910822
-0.21966069960773055
-1.1771415470595892
-1.855883568761153
-1.9510565162951745
-1.4328101903968926
-0.5603271072101424
0.2565426732095145
0.6732702563537444
0.5877852522925247
0.183683760810709
-0.18272799048330812
-0.18900973405332422
0.26650941036641607
0.9999999999999746
1.6356036222238115
1.8070437228032081
1.3582984950683143
0.43435022793927935
-0.5877852522924266
-1.291304245103612
-1.4321131777945155
-1.0577068815398567
-0.46930284219351
-0.04894348370485879
-0.04622946382910498
-0.44089244169019726
-0.9559098049771244
-1.2138440468409382
-0.9510565162951848
-0.1727366797267928
0.8364751394572703
1.6533449198769294
1.9333437670238487
1.5877852522925173
0.8257232827309209
0.038503751599185954
-0.41024147613580686
-0.3755301115537876
-4.311870898144542e-14
0.37553011155370597
0.4102414761357832
-0.038503751599138325
-0.8257232827307956
-1.5877852522924174
-1.933343767023839
-1.653344919876984
-0.8364751394573972
0.17273667972675305
0.9510565162951378
1.2138440468410094
0.955909804977232
0.44089244169030684
0.0462294638291636
0.0489434837048206
0.4693028421933958
1.0577068815397421
1.4321131777944336
1.2913042451036438
0.5877852522925353
-0.4343502279391755
-1.3582984950682286
-1.8070437228032274
-1.6356036222238988
-1.000000000000041
-0.26650941036650877
0.189009734053328
0.18272799048334332
-0.1836837608105949
-0.5877852522924051
-0.6732702563537403
-0.25654267320959534
0.5603271072100178
1.4328101903968402
1.9510565162951188
1.8558835687612083
1.1771415470596562
0.2196606996079053
-0.5958100580910483
-0.9510565162951593
-0.7907706684767695
-0.33909536512768645
0.03531093112704131
0.03123073443355484
-0.41221474770747013
-1.0763897498594246
-1.5795302371506725
-1.5858119807207416
-0.9935641003036615
-9.309544003811602e-14
0.9935641003035871
1.5858119807207331
1.5795302371508055
1.0763897498595207
0.4122147477075494
-0.031230734433514096
-0.03531093112710881
0.3390953651275939
0.7907706684765597
0.951056516295132
0.5958100580910928
-0.21966069960770618
-1.1771415470595634
-1.8558835687611657
-1.9510565162951843
-1.4328101903969181
-0.5603271072101144
0.25654267320947954
0.6732702563537558
0.5877852522924815
0.18368376081074572
-0.18272799048328336
-0.1890097340533191
0.26650941036639497
0.9999999999999432
1.6356036222238282
1.8070437228032192
1.3582984950682935
0.43435022793927547
-0.5877852522924071
-1.2913042451036225
-1.4321131777945066
-1.0577068815398905
-0.4693028421934807
-0.04894348370485091
-0.04622946382909854
-0.4408924416902175
-0.9559098049771433
-1.2138440468409193
-0.9510565162951711
-0.17273667972676487
0.8364751394572447
1.6533449198769299
1.9333437670238458
1.5877852522925426
0.8257232827308938
0.0385037515991663
-0.41024147613581363
-0.3755301115537747
-1.0878206071866073e-13
0.3755301115536775
0.4102414761358031
-0.03850375159908559
-0.8257232827307665
-1.5877852522924378
-1.9333437670238207
-1.6533449198769976
-0.8364751394573677
0.17273667972665435
0.951056516295134
1.2138440468409772
0.9559098049772659
0.4408924416903394
0.046229463829154605
0.04894348370481094
0.46930284219336643
1.0577068815397634
1.432113177794435
1.291304245103644
0.5877852522925088
-0.4343502279391499
-1.3582984950682135
-1.8070437228032292
-1.6356036222239236
-1.0000000000000726
-0.26650941036648834
0.18900973405331267
0.18272799048336807
-0.1836837608106146
-0.5877852522923739
-0.6732702563537288
-0.2565426732095465
0.5603271072099908
1.4328101903968058
1.9510565162951443
1.8558835687612198
1.177141547059682
0.21966069960782397
-0.5958100580910406
-0.951056516295175
-0.7907706684766759
-0.33909536512772165
0.03531093112703776
0.03123073443353752
-0.4122147477074447
-1.0763897498593915
-1.5795302371507214
-1.585811980720739
-0.9935641003036787
-3.3310392936808004e-14
0.9935641003035698
1.5858119807207358
1.5795302371507565
1.0763897498595538
0.4122147477075747
-0.031230734433531415
-0.035310931127112255
0.3390953651275588
0.7907706684766533
0.9510565162951163
0.5958100580911005
-0.2196606996077875
-1.1771415470595379
-1.8558835687611541
-1.9510565162951587
-1.432810190396944
-0.5603271072101412
0.2565426732095284
0.6732702563537403
0.5877852522925412
0.18368376081066964
-0.1827279904832586
-0.18900973405333432
0.2665094103663652
0.9999999999999118
1.6356036222238035
1.807043722803214
1.3582984950683317
0.43435022793927397
-0.5877852522923875
-1.291304245103622
-1.4321131777945053
-1.0577068815399076
-0.4693028421935188
-0.04894348370486057
-0.04622946382908344
-0.44089244169020153
-0.9559098049770864
-1.2138440468409004
-0.9510565162951748
-0.17273667972681384
0.8364751394571961
1.6533449198769334
1.9333437670238536
1.587785252292568
0.8257232827309319
0.0385037515991995
-0.4102414761358204
-0.3755301115538031
-3.2336865303856006e-14
0.37553011155367616
0.41024147613577333
-0.038503751599141545
-0.825723282730737
-1.5877852522924125
-1.933343767023843
-1.6533449198770107
-0.8364751394573933
0.17273667972673212
0.9510565162951018
1.213844046841023
0.9559098049771941
0.4408924416903721
0.04622946382916093
0.048943483704836366
0.4693028421933372
1.0577068815397297
1.4321131777944744
1.2913042451036711
0.5877852522924999
-0.4343502279392372
-1.3582984950681982
-1.807043722803218
-1.6356036222238566
-1.000000000000104
-0.26650941036650944
0.18900973405332144
0.18272799048336996
-0.18368376081055085
-0.5877852522924345
-0.6732702563537174
-0.2565426732095816
0.5603271072100573
1.432810190396789
1.9510565162951345
1.855883568761183
1.1771415470597244
0.2196606996078715
-0.5958100580910812
-0.9510565162951905
-0.790770668476709
-0.3390953651276236
0.03531093112700079
0.03123073443354163
-0.4122147477074194
-1.0763897498593673
-1.5795302371507147
-1.5858119807207358
-0.9935641003036959
-5.879047412671201e-14
0.9935641003035256
1.5858119807207616
1.57953023715078
1.0763897498595867
0.41221474770760014
-0.031230734433518648
-0.035310931127149336
0.3390953651275237
0.7907706684766203
0.9510565162951292
0.5958100580910813
-0.21966069960776313
-1.1771415470595121
-1.855883568761134
-1.9510565162951685
-1.4328101903969697
-0.5603271072101682
0.2565426732095164
0.6732702563537518
0.5877852522925155
0.18368376081070636
-0.18272799048323385
-0.18900973405333288
0.26650941036642695
0.9999999999998804
1.6356036222237789
1.8070437228032157
1.358298495068347
0.4343502279393535
-0.58778525229246
-1.2913042451036219
-1.4321131777945268
-1.0577068815398314
-0.46930284219354806
-0.04894348370487034
-0.046229463829116635
-0.44089244169016895
-0.9559098049770984
-1.2138440468409297
-0.9510565162951787
-0.1727366797268357
0.8364751394572807
1.6533449198769201
1.9333437670238611
1.5877852522925013
0.8257232827309612
0.03850375159921604
-0.41024147613581985
-0.3755301115538315
-6.957850761066731e-14
0.3755301115537305
0.41024147613581263
-0.038503751599125
-0.8257232827308205
-1.5877852522923872
-1.9333437670238354
-1.6533449198769632
-0.8364751394574188
0.17273667972671014
0.9510565162951331
1.2138440468409881
0.9559098049772281
0.44089244169029906
0.04622946382917603
0.04894348370482671
0.4693028421933079
1.0577068815396957
1.4321131777944527
1.2913042451036714
0.5877852522925762
-0.43435022793921174
-1.358298495068183
-1.8070437228032235
-1.635603622223881
-1.0000000000001352
-0.26650941036653053
0.1890097340533229
0.1827279904833946
-0.1836837608105682
-0.5877852522924033
-0.6732702563537059
-0.25654267320959356
0.5603271072100304
1.4328101903967456
1.9510565162951248
1.8558835687611945
1.1771415470597502
0.21966069960789586
-0.5958100580910733
-0.951056516295206
-0.7907706684767422
-0.3390953651276587
0.03531093112701389
0.031230734433545737
-0.412214747707486
-1.0763897498593344
-1.5795302371506912
-1.585811980720726
-0.9935641003037132
-8.427055531661601e-14
