0.0 1.6946088245770488
0.001 2.066923864846882
0.002 2.2839894837527313
0.003 1.5809869365663811
0.004 3.4263353182957506
0.005 2.060648198230502
0.006 0.8692135421836503
0.007 0.27684275275244025
0.008 0.8474254829689181
0.009 2.8030045955186544
0.01 2.5874160895326344
0.011 2.746276894281867
0.012 1.059638027357836
0.013 -0.13371372007202376
0.014 -0.8914235616583628
0.015 -0.5539803131513226
0.016 -1.418399679300863
0.017 0.38227328026632335
0.018 0.3665854847344929
0.019 1.3832313968809167
0.02 1.3878460265611752
0.021 2.6427270846707835
0.022 -0.17955922826803072
0.023 0.6793668555040466
0.024 2.298475387186708
0.025 2.1515689318839364
0.026 3.368398998071074
0.027 4.192978495371731
0.028 2.6411991707362765
0.029 1.4084768745793825
0.03 -0.2892533459905526
0.031 1.1993127395497658
0.032 -0.35852248685705845
0.033 -0.6845945525261063
0.034 1.3677843909828449
0.035 0.24127754945536617
0.036 1.8597150561476123
0.037 -0.3908550314866044
0.038 -0.5679102146957125
0.039 -1.158164450997639
0.04 -0.9063775936490253
0.041 -0.07456988783524587
0.042 1.26545045208107
0.043 3.1406129672709335
0.044 3.14298794500136
0.045 2.7991965177590785
0.046 2.9296554800674803
0.047 1.6534629141008992
0.048 1.934816745254751
0.049 1.7650108817623194
0.05 2.0084968712815296
0.051 0.7146670270511957
0.052 0.6819855987788516
0.053 1.1907083883722334
0.054 0.5464313606584659
0.055 -1.497345422642728
0.056 0.523426067607075
0.057 -1.6405768094808704
0.058 -0.23891084927961226
0.059 0.9978289227598819
0.06 1.5947837314130817
0.061 3.3594297089604974
0.062 2.960110604938272
0.063 2.28800442572917
0.064 0.41179664040249786
0.065 2.0058077807642842
0.066 2.4043272252711363
0.067 3.36503158700358
0.068 1.9130465165288566
0.069 2.0193847449337943
0.07 2.688465800706809
0.071 0.313345745192981
0.072 0.11269452337683084
0.073 -1.465876673956505
0.074 0.0038574626531862055
0.075 0.3018090180291062
0.076 0.9254880854815276
0.077 0.8204430617434585
0.078 1.4907843314667515
0.079 -0.04170164773741575
0.08 0.6069935225885363
0.081 -0.5682779836542441
0.082 1.0658444914251528
0.083 1.4246476315561103
0.084 3.6358315562531054
0.085 2.966417943536536
0.086 1.9878160680875623
0.087 3.5650865276058763
0.088 0.28070853722321404
0.089 0.026817724062089376
0.09 -0.5796489730349612
0.091 -0.03125844225045482
0.092 1.8649901018005905
0.093 0.7943338289071259
0.094 0.6918182589496227
0.095 2.0227939129237775
0.096 0.6047475498863031
0.097 0.8654021437119714
0.098 0.06142533567464814
0.099 -0.006064007396601179
0.1 1.292020513545137
0.101 3.4093474034476787
0.102 3.2610088846917655
0.103 3.431308919999344
0.104 1.8474580772276694
0.105 1.7978552355193167
0.106 1.366158938114233
0.107 2.17727020267915
0.108 1.5711156421862071
0.109 3.0326403422906965
0.11 2.700501598897538
0.111 1.360292212306549
0.112 1.1513156160644828
0.113 0.7356014308587562
0.114 0.5315954984252782
0.115 -0.07636846937052377
0.116 -0.4549766688349208
0.117 1.8722702630830046
0.118 2.054740867270933
0.119 0.9755494604329795
0.12 0.9124241613215232
0.121 1.2201532225437373
0.122 0.7628853562041104
0.123 1.583396794147668
0.124 1.1506887469103209
0.125 1.6298615730084878
0.126 1.7039339408636018
0.127 2.9055819698373044
0.128 1.642898110839257
0.129 1.1192869257733906
0.13 -0.13136657238524874
0.131 -0.013386533899893749
0.132 -0.5631059343655005
0.133 -0.2704087062511178
0.134 -0.06832618460431938
0.135 0.31780075568697236
0.136 0.07491712685055768
0.137 -0.1452965569664172
0.138 0.16373818771379256
0.139 -1.1312783970611844
0.14 1.0390344684175084
0.141 0.8728929669306938
0.142 1.3508182879229964
0.143 1.8341539244897007
0.144 3.372792422915281
0.145 2.6666368966395
0.146 0.8792382796491506
0.147 1.3940065110668196
0.148 0.4927225786782016
0.149 1.1820490754635273
0.15 0.18573887941451614
0.151 0.3931661752332913
0.152 1.6284105201694592
0.153 1.5820974644731798
0.154 1.4401062372392481
0.155 -1.0489920410063363
0.156 0.05510230111139047
0.157 -1.2480098751040933
0.158 1.2529206678235776
0.159 2.120792148272553
0.16 1.2366255197624474
0.161 3.2593882339841858
0.162 1.7234121483185731
0.163 1.4457438285264808
0.164 0.2032668216917914
0.165 1.8820082031279215
0.166 2.195419315332078
0.167 2.124740836338867
0.168 1.4340447435541195
0.169 3.4058134086119853
0.17 1.7928635065242409
0.171 1.9983346845742416
0.172 0.8014054279295046
0.173 -0.6179670224366194
0.174 0.16449668812918095
0.175 -0.5301022383158496
0.176 0.20290024978226234
0.177 0.9706581366530723
0.178 1.5582871223064438
0.179 1.6977352519967435
0.18 0.6512489104552542
0.181 0.6696189435030215
0.182 1.3345858620464996
0.183 2.803006906200296
0.184 2.5599254880965896
0.185 2.474674334534213
0.186 2.384003626028937
0.187 3.107093207946356
0.188 0.36556204627671907
0.189 0.41299364288950735
0.19 -0.7585868380760427
0.191 1.0175057393506164
0.192 1.5982193828488573
0.193 0.6212556740343764
0.194 0.928275701915571
0.195 -0.35253759336196705
0.196 0.5366727111907619
0.197 0.23400139935271724
0.198 0.6477568854071669
0.199 0.5595073031437034
0.2 1.2919817421323858
0.201 2.3641266007448403
0.202 2.218969211423583
0.203 3.8521756046953604
0.204 3.0316217072858156
0.205 0.646252435463966
0.206 0.04379671507221311
0.207 1.1149235495596936
0.208 2.2533070935463737
0.209 1.119323837509092
0.21 3.219765237166869
0.211 2.8731665225258887
0.212 1.9651084908942633
0.213 -0.8794457118678684
0.214 -0.2954695229581321
0.215 -1.5329579718680741
0.216 -0.4991981322692325
0.217 1.0365574215052196
0.218 0.4721804720378758
0.219 1.6455529249068075
0.22 1.2684059957283629
0.221 0.8601189583130338
0.222 -0.10537571090758846
0.223 1.3866842657959677
0.224 0.30575614529981515
0.225 1.2369917839003648
0.226 3.714794816482978
0.227 4.180494755885922
0.228 3.2250622265083946
0.229 0.4576617913790858
0.23 1.2448345910266365
0.231 0.8671844491968042
0.232 -1.0606942782618738
0.233 0.5274980944857941
0.234 0.4319806622583481
0.235 0.7799393130445268
0.236 0.909045893971612
0.237 -0.3359428783749976
0.238 0.9691103826509477
0.239 -0.01499377480955677
0.24 0.08924257501644373
0.241 0.6416605452172829
0.242 2.7657487332063364
0.243 2.683053590596005
0.244 2.448954758479366
0.245 3.9505388099511443
0.246 1.5801060780131606
0.247 2.0042977805561413
0.248 -0.14854296067569028
0.249 1.5121261023261192
0.25 1.6921469408440781
0.251 0.8907578226127517
0.252 2.8663216047286877
0.253 1.8589308309195725
0.254 -0.5367759740737175
0.255 -1.3157358893424496
0.256 -1.564889609333722
0.257 -0.5855689423584933
0.258 1.209756352249109
0.259 2.140291079357874
0.26 2.4027231809026084
0.261 1.4631813609108184
0.262 3.105121554160539
0.263 1.5064091555104344
0.264 1.1445524539947207
0.265 2.4779682270539456
0.266 1.9715215176745153
0.267 3.3638261295988885
0.268 2.8730004622221954
0.269 3.2686523019305374
0.27 0.6567698551258438
0.271 0.23702529219279106
0.272 1.1183877221815175
0.273 -0.07001651371300421
0.274 0.118352666349135
0.275 -0.10763285879342732
0.276 0.08018497988338691
0.277 0.7993025126709234
0.278 2.3451576405158487
0.279 0.5876215015506823
0.28 1.4103568001758424
0.281 1.4414951753137144
0.282 1.1180649250818513
0.283 2.7223806083724034
0.284 2.8554292534745276
0.285 3.9409677466674986
0.286 3.696836960298754
0.287 3.6390586704037107
0.288 0.42884673500920784
0.289 -0.282559067697352
0.29 -0.14697097466984554
0.291 0.8439396710005114
0.292 1.9524361896495162
0.293 2.4752907277871588
0.294 2.1161994156309767
0.295 0.37626399209965955
0.296 0.45912960304513617
0.297 0.26472704149923465
0.298 -1.5846560131026495
0.299 0.8146917366063731
0.3 1.297215926044389
0.301 1.4316571168733672
0.302 3.6897293654018557
0.303 1.8483511590847659
0.304 2.3066179476279265
0.305 1.1206665809701724
0.306 0.9733515460875588
0.307 1.1575758818392439
0.308 1.2946043932408762
0.309 2.5377612046527016
0.31 3.1267842806982555
0.311 2.1412492674942136
0.312 1.731526698654126
0.313 1.3062117456853861
0.314 -1.2138695665740782
0.315 -0.9021405860323157
0.316 -0.17854245147629721
0.317 1.1048327824447548
0.318 2.724291845303959
0.319 2.2978377874077824
0.32 1.592129145136112
0.321 2.470784048060568
0.322 2.2366489164135386
0.323 0.30325170081113345
0.324 0.6864994397105493
0.325 1.671931424436816
0.326 3.093989521061726
0.327 2.0295017701514206
0.328 3.00886336633267
0.329 0.6976844875100525
0.33 1.6420248141791673
0.331 0.4243225189729447
0.332 -0.44212506477944147
0.333 0.5483747068039722
0.334 0.18829582271292727
0.335 -0.04361186916506632
0.336 2.2549171916272854
0.337 1.3153227440748103
0.338 -0.2030994207007606
0.339 0.715632773561488
0.34 -0.736824215399553
0.341 1.26609953458995
0.342 2.3364427171515167
0.343 2.803280747453939
0.344 3.1232444301214146
0.345 3.2202781790296564
0.346 0.9865971322573124
0.347 2.2634842096301013
0.348 0.6809503957952334
0.349 1.8558837336664895
0.35 2.0576174720249103
0.351 0.7377702872792845
0.352 0.8045744856183255
0.353 1.5042983199273858
0.354 -0.004324411069362544
0.355 0.7827854010438589
0.356 -0.16680356993712953
0.357 -1.0188322765723181
0.358 -0.21586246980276325
0.359 2.5304714962529014
0.36 2.5652997034655223
0.361 2.1710695853307307
0.362 3.1504316712615936
0.363 1.3091863419742538
0.364 0.468493938426774
0.365 2.289076157833784
0.366 0.4857936721461797
0.367 1.5519570186024199
0.368 3.228582175212288
0.369 1.6329148907440336
0.37 1.2313327751872714
0.371 1.4509608854177642
0.372 -0.6208634759457134
0.373 -1.3028466340037437
0.374 -0.4698919115716862
0.375 0.5549717735071331
0.376 0.20685104069587384
0.377 1.3438818304143492
0.378 2.5106654681602834
0.379 2.232845444878571
0.38 1.8103605569366588
0.381 1.7366996722797197
0.382 0.46674115973978814
0.383 1.5277012848931715
0.384 2.973126911493142
0.385 2.4628973600019135
0.386 2.933328245893157
0.387 3.299509748515102
0.388 1.0740371987755721
0.389 1.037256246842446
0.39 -0.4057989134074036
0.391 -0.5086030786376785
0.392 1.0819361803066117
0.393 0.769899561730083
0.394 0.2711520304495237
0.395 -0.30940387593363367
0.396 0.8376941300937684
0.397 -0.946761565590585
0.398 -1.2623761338248825
0.399 0.45216221884859
0.4 1.9560506679010334
0.401 1.2956445680907456
0.402 3.7606470504737484
0.403 2.5394456779640473
0.404 1.9234576654962199
0.405 2.12511085503221
0.406 0.8454277845934822
0.407 2.056614941268036
0.408 0.906880468286644
0.409 2.503540133278934
0.41 1.1924881625192376
0.411 2.607472410873113
0.412 1.7556055839931686
0.413 -0.8832405154165732
0.414 -1.0512225257379852
0.415 0.24656738712815018
0.416 -0.3728893715449231
0.417 0.5372793716344373
0.418 1.385714714894792
0.419 2.698240529124974
0.42 2.9870781345410014
0.421 2.2374009865806856
0.422 1.616270234202177
0.423 1.6400670974068339
0.424 2.6429789925511855
0.425 1.5258958219805443
0.426 2.089209683711128
0.427 2.3472531262144805
0.428 3.4085051762511993
0.429 0.4355679650485539
0.43 -0.5109423818553608
0.431 0.6700152007271469
0.432 0.4542662797788177
0.433 0.5524087160240871
0.434 1.65240313568358
0.435 1.5188158656053614
0.436 2.422736952351835
0.437 0.15902033579467778
0.438 0.6095743057158164
0.439 0.5408016055897766
0.44 1.159058521731318
0.441 0.7922310891186983
0.442 1.9442517652469813
0.443 2.0909766907339455
0.444 2.111689325731084
0.445 3.8158133524211775
0.446 1.890768135785748
0.447 2.102410590088379
0.448 1.8259082451449173
0.449 0.3881636129702758
0.45 2.2090612058274073
0.451 1.6117550446974345
0.452 2.0226673612799706
0.453 2.3775590586819373
0.454 -0.023801653855506144
0.455 -1.143903384042693
0.456 -0.09355907641337247
0.457 -0.1866563560852923
0.458 -0.46190669445304666
0.459 2.084306964780298
0.46 3.2291424340825117
0.461 1.6354774245911248
0.462 1.1757446169306165
0.463 1.805557319114098
0.464 1.7372016480490706
0.465 1.3250074166848962
0.466 0.7771733139236758
0.467 2.241819772760646
0.468 3.8989178560284463
0.469 2.1567072233384454
0.47 2.2487579262208746
0.471 0.2887049610679897
0.472 -0.9800322496422913
0.473 0.11718594836029039
0.474 0.0653929736038954
0.475 -0.11820299524937883
0.476 -0.12161972991031145
0.477 0.2065165910022
0.478 2.5899365850200056
0.479 -0.011438785556040554
0.48 0.037546191451533484
0.481 1.4143326828858653
0.482 0.8993190234146358
0.483 1.2957592857257758
0.484 2.951368211923496
0.485 3.3905648370362003
0.486 3.4115558473190606
0.487 2.5336620974830044
0.488 1.142147608605462
0.489 1.0608291928197366
0.49 0.6330284374126037
0.491 -0.3635553649435192
0.492 0.4076473816357521
0.493 2.0390696780590924
0.494 0.17129549239055242
0.495 1.556815294415122
0.496 -0.822232307566682
0.497 -0.9437881950100304
0.498 -1.3214821590900323
0.499 0.8481553935157915
0.5 1.3523798624694296
0.501 3.1001612798278577
0.502 3.3995102203337355
0.503 3.7812351056165716
0.504 2.5550565353457677
0.505 2.0822284728368707
0.506 1.463034398296013
0.507 0.18291800101165684
0.508 2.144831136072245
0.509 2.288840413362243
0.51 3.2004506193789215
0.511 0.8557145679362687
0.512 2.231984344768705
0.513 -0.5701351736355532
0.514 0.5636175108300359
0.515 0.525578547107203
0.516 0.15975092045186656
0.517 -0.016851302548659408
0.518 2.3377378092854366
0.519 3.0088807440365155
0.52 2.86675215767926
0.521 2.1862118675656435
0.522 1.5580556605443947
0.523 1.292164361716044
0.524 0.2891948038319159
0.525 3.348367833982541
0.526 3.1862620427479853
0.527 2.154460652150485
0.528 1.7631180012276453
0.529 0.8324442021253087
0.53 0.42192633250099976
0.531 -0.8163028716540535
0.532 -1.3037880057437108
0.533 -0.7289398590201914
0.534 -0.4062475455835209
0.535 1.4273106734317915
0.536 1.310939262776894
0.537 -0.13751933025265028
0.538 0.7461099573602412
0.539 -1.129000624105014
0.54 0.38422394429765083
0.541 1.4677698411209503
0.542 3.1076457147793013
0.543 2.1993587059709228
0.544 2.4466388178388194
0.545 3.7301723104123354
0.546 1.6436473530094264
0.547 1.5542680733628154
0.548 1.6466374021252208
0.549 0.5781618710856563
0.55 1.4594392124011122
0.551 1.372006591810978
0.552 2.2859709048608536
0.553 0.8517566077836577
0.554 -0.3040763254312896
0.555 -1.5528209597472615
0.556 -1.7820541239995193
0.557 -1.617814929454716
0.558 0.17059120051333765
0.559 0.7404557966293454
0.56 3.0580118891058676
0.561 2.269032694778316
0.562 1.9325101459091216
0.563 2.107529234327793
0.564 0.5972241945997998
0.565 1.286626822011006
0.566 2.8663385086422846
0.567 3.088419515482645
0.568 2.489568657933744
0.569 3.6230851866381952
0.57 2.10555597503679
0.571 1.1650540366745146
0.572 -1.3045602619842256
0.573 -0.8106471607766614
0.574 -1.3554463443592684
0.575 1.252293174213146
0.576 0.6583915761642903
0.577 0.7181477106774489
0.578 0.47255363734780875
0.579 1.571700613540745
0.58 0.8792879772180654
0.581 -0.3273637251644875
0.582 0.3269422041233532
0.583 0.9485928650907827
0.584 2.939142486588989
0.585 2.9228239073472446
0.586 4.0246886933435695
0.587 2.0213115147421523
0.588 2.0187559377854285
0.589 1.3653652923141126
0.59 0.6119158649250019
0.591 -0.21360996889328732
0.592 1.621544994670942
0.593 0.45714463749352174
0.594 2.405594205050925
0.595 1.1981526079626148
0.596 1.122313414760728
0.597 -1.0610100883575995
0.598 -1.331590636876601
0.599 -0.8216067138921677
0.6 1.9401070394859208
0.601 1.9653797080836788
0.602 4.07650186161562
0.603 2.922053018933435
0.604 1.3269199655619899
0.605 0.6853698803792629
0.606 2.04782014430155
0.607 0.4168018039752588
0.608 2.321459196857493
0.609 0.9668702115269171
0.61 3.0425144297143896
0.611 2.624708799973873
0.612 1.125273481814324
0.613 -0.08494624113949878
0.614 -1.7797207284573617
0.615 -0.07938179300404635
0.616 0.7265397513707799
0.617 1.119775455743829
0.618 1.1400621887395597
0.619 3.057792545335972
0.62 0.9774000652189037
0.621 1.479395247002437
0.622 1.4535086390685805
0.623 -0.1634315939865913
0.624 2.349319581547587
0.625 1.4332136698924576
0.626 3.1058904046078712
0.627 1.9218377999575138
0.628 1.6078961904886206
0.629 2.454753607617721
0.63 0.16249502668765758
0.631 -0.9669764866181114
0.632 -0.681233770347557
0.633 0.640240743299086
0.634 0.37336627736666855
0.635 0.9339814982982079
0.636 2.2168470331706356
0.637 -0.2485341272799303
0.638 -0.7903695551350443
0.639 0.7907328772172826
0.64 0.2765988831349463
0.641 0.6164181138757148
0.642 1.2383903579682147
0.643 3.4598344632007567
0.644 4.2960786264404085
0.645 3.9424365915599506
0.646 1.137318303745945
0.647 0.36366457072094016
0.648 0.6965921787940597
0.649 1.8711732020455505
0.65 1.2038477822424858
0.651 1.4837144852515927
0.652 2.560031659094118
0.653 1.3639763697491807
0.654 0.0457119648376858
0.655 -0.3475814279391929
0.656 -0.3236588186311702
0.657 -0.31640158774933047
0.658 1.067143526812285
0.659 1.9134485255629403
0.66 1.6818501343607495
0.661 2.2959637924695375
0.662 2.5699772720425207
0.663 2.0502177532752053
0.664 2.402636914905984
0.665 2.0372113072295033
0.666 1.8074474413315733
0.667 3.348987021274554
0.668 1.558954259845137
0.669 2.9684114054364006
0.67 3.0338154644371143
0.671 2.030171180418579
0.672 -0.5366564976108312
0.673 -0.19312214767392533
0.674 -0.634717755536683
0.675 0.18400396123191753
0.676 -0.15441466299139828
0.677 0.7364125620962485
0.678 0.6010367453840484
0.679 1.1885296998861303
0.68 1.7808331424569483
0.681 1.5471147626211856
0.682 -0.13150625562282708
0.683 2.755457136746389
0.684 3.4659302811737236
0.685 3.995133012386937
0.686 2.500849950644371
0.687 1.9473733418936325
0.688 0.8142869757950908
0.689 1.9033524023933075
0.69 1.1556712226658883
0.691 -0.6432685954258217
0.692 0.6114617590409291
0.693 0.2496928715512236
0.694 0.44955004730160913
0.695 1.0386701906394138
0.696 1.0314627968925034
0.697 -0.9051438311177901
0.698 -0.8248467218343691
0.699 0.2221329543536974
0.7 0.6515995884279908
0.701 3.0784905565721346
0.702 3.776052007712791
0.703 2.76010914615552
0.704 2.7245358390968395
0.705 1.9021015690290781
0.706 0.631909594249622
0.707 0.30390592980181597
0.708 0.8437845716556298
0.709 2.489214178393388
0.71 2.8506804367508494
0.711 2.6810935060152605
0.712 0.593052634864663
0.713 0.8792428480851144
0.714 -0.9787854653666893
0.715 0.2227683387259285
0.716 0.22239708962330407
0.717 0.6580925832713513
0.718 2.3223822226145163
0.719 3.0653674229392616
0.72 2.1940252521361874
0.721 0.4080190617106526
0.722 1.2667302398535898
0.723 2.128664427525368
0.724 1.3950388127518363
0.725 2.880632903937744
0.726 3.554797393360759
0.727 3.9661053938353117
0.728 2.5348191653951324
0.729 2.925187127696634
0.73 0.8640664084810085
0.731 0.45328596795974185
0.732 0.21043001787210103
0.733 -0.7398921302769825
0.734 1.7921036853832333
0.735 0.15402522250826545
0.736 1.5288490299404667
0.737 -0.2716672100236615
0.738 -0.18391887390585837
0.739 -0.3849901192749392
0.74 0.4894052097301341
0.741 1.5984974532800313
0.742 3.175786512222122
0.743 3.3562034318710676
0.744 4.183177015312954
0.745 3.849791867371981
0.746 1.6954173889141955
0.747 0.48077770305079237
0.748 1.6129587112923893
0.749 2.0665596557181005
0.75 0.9920585916564364
0.751 2.642514598129233
0.752 1.1929087718116467
0.753 1.2930192373079783
0.754 0.11152723699003031
0.755 -0.5420134185357144
0.756 -1.4154956017621116
0.757 0.09776938619885933
0.758 0.6106216345153079
0.759 2.357758271091108
0.76 2.190932078450284
0.761 1.692642531019133
0.762 2.7022357400567985
0.763 0.8778389237910854
0.764 1.7051502836304184
0.765 1.1672718611234476
0.766 0.8056798470855857
0.767 1.7296225362430473
0.768 2.999924833566637
0.769 3.011929029327339
0.77 1.4035132480055974
0.771 0.6417321198231166
0.772 0.6958832430525446
0.773 -1.1055382034789178
0.774 -1.5167008352303695
0.775 -0.9881166474082971
0.776 1.7353071160863798
0.777 1.9470500873741794
0.778 0.44326330595486874
0.779 1.9399656851305356
0.78 1.1891272988972081
0.781 0.5317914444641311
0.782 0.7345063377380413
0.783 1.8425760255039796
0.784 1.8056768770550753
0.785 2.312047222448655
0.786 2.074964475536078
0.787 2.066375075704824
0.788 0.23885812231360043
0.789 -0.44739689625517476
0.79 0.75163640898335
0.791 1.1977641431041577
0.792 0.8106408526673451
0.793 2.4298850098782374
0.794 1.3701509490014225
0.795 0.412371742234211
0.796 0.8104097087291302
0.797 -0.4062431574302019
0.798 0.12594487208372795
0.799 -0.14910521909066543
0.8 1.6469049274650092
0.801 1.9631583628936915
0.802 1.7227163025627936
0.803 2.8893489886334307
0.804 3.4149803370159924
0.805 2.4034360156613968
0.806 1.7298733274379974
0.807 1.2625027056773788
0.808 2.577097280014186
0.809 3.142003852339567
0.81 3.3688766041940763
0.811 0.8298799885706838
0.812 -0.15651340305737405
0.813 0.28641578905009757
0.814 -1.5380330534895392
0.815 -0.593259083615499
0.816 -0.9744053148316619
0.817 1.8012585527352978
0.818 1.8253454575007972
0.819 3.1600790017684917
0.82 2.694510908570584
0.821 0.5684809745596726
0.822 1.1566766515381433
0.823 0.28478476908784567
0.824 1.647281608250679
0.825 2.4505983959484245
0.826 3.1270600584546915
0.827 3.1713701658507705
0.828 2.140329522688456
0.829 2.5964675933957277
0.83 -0.5741571581945295
0.831 -0.5411462836156058
0.832 -0.4375093982457856
0.833 0.4604852571140614
0.834 -0.1651302641194357
0.835 1.9148985995389163
0.836 0.8897540056735382
0.837 0.7719695728106455
0.838 0.9847393157529314
0.839 1.2242177094358735
0.84 -0.7903711654599399
0.841 2.187361691767482
0.842 1.2165891743168462
0.843 2.3347471519497662
0.844 3.6668000751766288
0.845 2.749611417474254
0.846 2.1631789318396106
0.847 0.10862909774767443
0.848 0.02133367339350173
0.849 -0.043356496641060116
0.85 1.3968623312525585
0.851 1.2625746757956209
0.852 1.2901222316894756
0.853 2.2308062987288797
0.854 -0.31528287334423977
0.855 -0.08272744443920055
0.856 -1.6687203908814525
0.857 -0.7075580327979232
0.858 0.39940799117071246
0.859 2.0066675023392104
0.86 2.060083690925213
0.861 3.5686024772314933
0.862 3.2461807106136735
0.863 1.3270654056537488
0.864 0.32125700328129964
0.865 1.4826121747342915
0.866 0.5768784918079821
0.867 2.8739930419408637
0.868 3.4916771750359694
0.869 1.6250289428416058
0.87 0.6555276363245575
0.871 0.052086056175026374
0.872 -0.41363717394510324
0.873 -1.2652688012184106
0.874 -0.5228747537728009
0.875 1.0719348279862038
0.876 0.16755941264658486
0.877 0.7095108449236348
0.878 1.7392596836904195
0.879 1.975782041389723
0.88 -0.25899061154477676
0.881 0.5564274926668915
0.882 1.8847908940110605
0.883 1.8649614795665745
0.884 2.203156154707537
0.885 2.7108730023669647
0.886 1.9327947504084326
0.887 1.7558894298207468
0.888 1.13138986359426
0.889 0.5033939305801587
0.89 -0.44862669022144575
0.891 -0.7785764901110916
0.892 2.0582306650855404
0.893 0.33092801222166257
0.894 2.0296952588504946
0.895 0.35586840154570765
0.896 -0.7543348998849617
0.897 -0.29339078420469056
0.898 0.3623104193070008
0.899 -0.6120651278861058
0.9 0.9432986250717457
0.901 2.0467946283481746
0.902 3.229965401317938
0.903 3.308678908414623
0.904 3.128948108537733
0.905 1.3215718903597606
0.906 1.5168190121797314
0.907 2.1077189387182305
0.908 2.744721851934995
0.909 2.173368801453613
0.91 1.0308828447784384
0.911 2.4641998817171147
0.912 1.1699803185168687
0.913 -0.6329389988696289
0.914 -0.7580087609858095
0.915 -0.07423739244884131
0.916 -0.28768037077112174
0.917 -0.2576397927115149
0.918 2.4890111554917658
0.919 2.063193015714534
0.92 2.1827532561284406
0.921 0.4533349524751853
0.922 1.361715723499974
0.923 1.9275632529945819
0.924 0.6058602186232506
0.925 1.3860391609450335
0.926 3.381919706770182
0.927 3.810382672060962
0.928 2.393593627221395
0.929 2.5583687766794765
0.93 1.219573793485892
0.931 -1.114103983328873
0.932 -1.3065338207800683
0.933 1.0432875231438308
0.934 0.07412899038393311
0.935 -0.009617709663316931
0.936 0.6553736980819266
0.937 1.4510198817159927
0.938 -0.3037644571916063
0.939 0.11591073655816286
0.94 0.24133583554664306
0.941 2.3110922382956383
0.942 2.4700572216280987
0.943 3.9782855459453765
0.944 3.2824035500609305
0.945 1.7217252870078759
0.946 0.8669654490334329
0.947 2.1707053227552175
0.948 1.9303173477289852
0.949 1.973365143723596
0.95 1.2641005084631318
0.951 1.997921787629564
0.952 2.578424382308616
0.953 2.132516168891533
0.954 0.26389438402461307
0.955 -0.42823988900705223
0.956 -0.2795329252457597
0.957 0.7436486345731006
0.958 1.0572345922652404
0.959 1.7835580387122993
0.96 3.4363243124197425
0.961 2.8332581090369757
0.962 2.4177363079979304
0.963 2.384316413737045
0.964 1.2968555438682812
0.965 0.20419498337890646
0.966 2.2218866192947178
0.967 2.7938176894598605
0.968 1.969359657107423
0.969 2.5483958393179176
0.97 2.4000715790945013
0.971 1.7837126026624395
0.972 -0.5402373139169991
0.973 0.3722050566016104
0.974 -1.6119641578299826
0.975 0.4866460675867077
0.976 -0.10853757861130187
0.977 1.2745052910318702
0.978 2.1231284603590663
0.979 -0.0012177119590045526
0.98 1.4586282500656491
0.981 1.5082968360538351
0.982 1.367186232266381
0.983 1.0968444582938568
0.984 1.6091420281718858
0.985 2.7796793652050615
0.986 3.6996059914933492
0.987 2.654949308777895
0.988 1.5867852094090131
0.989 -0.07719499191931944
0.99 1.5115619706414667
0.991 -0.25269440909549223
0.992 1.3181218551940774
0.993 1.674429810311737
0.994 0.3331558816503027
0.995 1.6453488357494448
0.996 -0.48091148452865273
0.997 -1.0957400159048032
0.998 0.8673469685626585
0.999 -0.5894761315528174
1.0 0.3483962586143439
