# This is a data file
0.0000000000E+00 0.0000000000E+00 0.0000000000E+00
1.8868424346E-02 1.8867094876E-02 8.8998748180E-05
3.7736848692E-02 3.7726213718E-02 3.5592766446E-04
5.6605273038E-02 5.6569384424E-02 8.0058480509E-04
7.5473697384E-02 7.5388642756E-02 1.4226337339E-03
9.4342121729E-02 9.4176036262E-02 2.2216037271E-03
1.1321054608E-01 1.1292362820E-01 3.1968900604E-03
1.3207897042E-01 1.3162350145E-01 4.3477543773E-03
1.5094739477E-01 1.5026776240E-01 5.6733251390E-03
1.6981581911E-01 1.6884854487E-01 7.1725981556E-03
1.8868424346E-01 1.8735801394E-01 8.8444371981E-03
2.0755266780E-01 2.0578836985E-01 1.0687574691E-02
2.2642109215E-01 2.2413185181E-01 1.2700612485E-02
2.4528951650E-01 2.4238074181E-01 1.4882022709E-02
2.6415794084E-01 2.6052736848E-01 1.7230148703E-02
2.8302636519E-01 2.7856411076E-01 1.9743206026E-02
3.0189478953E-01 2.9648340172E-01 2.2419283547E-02
3.2076321388E-01 3.1427773228E-01 2.5256344609E-02
3.3963163823E-01 3.3193965481E-01 2.8252228273E-02
3.5850006257E-01 3.4946178690E-01 3.1404650635E-02
3.7736848692E-01 3.6683681487E-01 3.4711206223E-02
3.9623691126E-01 3.8405749742E-01 3.8169369461E-02
4.1510533561E-01 4.0111666915E-01 4.1776496217E-02
4.3397375996E-01 4.1800724405E-01 4.5529825414E-02
4.5284218430E-01 4.3472221899E-01 4.9426480716E-02
4.7171060865E-01 4.5125467711E-01 5.3463472290E-02
4.9057903299E-01 4.6759779121E-01 5.7637698633E-02
5.0944745734E-01 4.8374482704E-01 6.1945948465E-02
5.2831588168E-01 4.9968914663E-01 6.6384902696E-02
5.4718430603E-01 5.1542421146E-01 7.0951136458E-02
5.6605273038E-01 5.3094358565E-01 7.5641121200E-02
5.8492115472E-01 5.4624093909E-01 8.0451226847E-02
6.0378957907E-01 5.6131005047E-01 8.5377724028E-02
6.2265800341E-01 5.7614481032E-01 9.0416786359E-02
6.4152642776E-01 5.9073922392E-01 9.5564492788E-02
6.6039485211E-01 6.0508741419E-01 1.0081683000E-01
6.7926327645E-01 6.1918362453E-01 1.0616969489E-01
6.9813170080E-01 6.3302222156E-01 1.1161889705E-01
7.1700012514E-01 6.4659769780E-01 1.1716016139E-01
7.3586854949E-01 6.5990467432E-01 1.2278913073E-01
7.5473697384E-01 6.7293790329E-01 1.2850136850E-01
7.7360539818E-01 6.8569227045E-01 1.3429236144E-01
7.9247382253E-01 6.9816279755E-01 1.4015752240E-01
8.1134224687E-01 7.1034464469E-01 1.4609219318E-01
8.3021067122E-01 7.2223311257E-01 1.5209164737E-01
8.4907909556E-01 7.3382364473E-01 1.5815109328E-01
8.6794751991E-01 7.4511182964E-01 1.6426567688E-01
8.8681594426E-01 7.5609340274E-01 1.7043048484E-01
9.0568436860E-01 7.6676424844E-01 1.7664054752E-01
9.2455279295E-01 7.7712040200E-01 1.8289084205E-01
9.4342121729E-01 7.8715805132E-01 1.8917629546E-01
9.6228964164E-01 7.9687353869E-01 1.9549178780E-01
9.8115806599E-01 8.0626336244E-01 2.0183215535E-01
1.0000264903E+00 8.1532417849E-01 2.0819219376E-01
1.0188949147E+00 8.2405280186E-01 2.1456666134E-01
1.0377633390E+00 8.3244620804E-01 2.2095028227E-01
1.0566317634E+00 8.4050153433E-01 2.2733774994E-01
1.0755001877E+00 8.4821608107E-01 2.3372373017E-01
1.0943686121E+00 8.5558731274E-01 2.4010286463E-01
1.1132370364E+00 8.6261285910E-01 2.4646977409E-01
1.1321054608E+00 8.6929051610E-01 2.5281906186E-01
1.1509738851E+00 8.7561824676E-01 2.5914531711E-01
1.1698423094E+00 8.8159418203E-01 2.6544311826E-01
1.1887107338E+00 8.8721662143E-01 2.7170703641E-01
1.2075791581E+00 8.9248403370E-01 2.7793163871E-01
1.2264475825E+00 8.9739505735E-01 2.8411149179E-01
1.2453160068E+00 9.0194850107E-01 2.9024116518E-01
1.2641844312E+00 9.0614334409E-01 2.9631523472E-01
1.2830528555E+00 9.0997873647E-01 3.0232828597E-01
1.3019212799E+00 9.1345399925E-01 3.0827491766E-01
1.3207897042E+00 9.1656862456E-01 3.1414974509E-01
1.3396581286E+00 9.1932227558E-01 3.1994740353E-01
1.3585265529E+00 9.2171478650E-01 3.2566255165E-01
1.3773949772E+00 9.2374616227E-01 3.3128987488E-01
1.3962634016E+00 9.2541657840E-01 3.3682408883E-01
1.4151318259E+00 9.2672638056E-01 3.4225994264E-01
1.4340002503E+00 9.2767608415E-01 3.4759222233E-01
1.4528686746E+00 9.2826637374E-01 3.5281575417E-01
1.4717370990E+00 9.2849810248E-01 3.5792540796E-01
1.4906055233E+00 9.2837229137E-01 3.6291610036E-01
1.5094739477E+00 9.2789012844E-01 3.6778279815E-01
1.5283423720E+00 9.2705296792E-01 3.7252052149E-01
1.5472107964E+00 9.2586232923E-01 3.7712434714E-01
1.5660792207E+00 9.2431989592E-01 3.8158941165E-01
1.5849476451E+00 9.2242751455E-01 3.8591091455E-01
1.6038160694E+00 9.2018719345E-01 3.9008412146E-01
1.6226844937E+00 9.1760110142E-01 3.9410436720E-01
1.6415529181E+00 9.1467156634E-01 3.9796705885E-01
1.6604213424E+00 9.1140107370E-01 4.0166767880E-01
1.6792897668E+00 9.0779226502E-01 4.0520178770E-01
1.6981581911E+00 9.0384793624E-01 4.0856502742E-01
1.7170266155E+00 8.9957103601E-01 4.1175312396E-01
1.7358950398E+00 8.9496466389E-01 4.1476189033E-01
1.7547634642E+00 8.9003206848E-01 4.1758722930E-01
1.7736318885E+00 8.8477664547E-01 4.2022513622E-01
1.7925003129E+00 8.7920193565E-01 4.2267170174E-01
1.8113687372E+00 8.7331162276E-01 4.2492311441E-01
1.8302371616E+00 8.6710953140E-01 4.2697566337E-01
1.8491055859E+00 8.6059962471E-01 4.2882574083E-01
1.8679740102E+00 8.5378600215E-01 4.3046984465E-01
1.8868424346E+00 8.4667289704E-01 4.3190458071E-01
1.9057108589E+00 8.3926467418E-01 4.3312666534E-01
1.9245792833E+00 8.3156582730E-01 4.3413292764E-01
1.9434477076E+00 8.2358097651E-01 4.3492031172E-01
1.9623161320E+00 8.1531486565E-01 4.3548587891E-01
1.9811845563E+00 8.0677235959E-01 4.3582680992E-01
2.0000529807E+00 7.9795844149E-01 4.3594040688E-01
2.0189214050E+00 7.8887820996E-01 4.3582409534E-01
2.0377898294E+00 7.7953687617E-01 4.3547542622E-01
2.0566582537E+00 7.6993976098E-01 4.3489207769E-01
2.0755266780E+00 7.6009229187E-01 4.3407185694E-01
2.0943951024E+00 7.5000000000E-01 4.3301270189E-01
2.1132635267E+00 7.3966851703E-01 4.3171268290E-01
2.1321319511E+00 7.2910357204E-01 4.3017000428E-01
2.1510003754E+00 7.1831098833E-01 4.2838300585E-01
2.1698687998E+00 7.0729668020E-01 4.2635016432E-01
2.1887372241E+00 6.9606664967E-01 4.2407009466E-01
2.2076056485E+00 6.8462698316E-01 4.2154155141E-01
2.2264740728E+00 6.7298384815E-01 4.1876342981E-01
2.2453424972E+00 6.6114348978E-01 4.1573476698E-01
2.2642109215E+00 6.4911222743E-01 4.1245474289E-01
2.2830793459E+00 6.3689645125E-01 4.0892268140E-01
2.3019477702E+00 6.2450261868E-01 4.0513805107E-01
2.3208161945E+00 6.1193725089E-01 4.0110046597E-01
2.3396846189E+00 5.9920692927E-01 3.9680968644E-01
2.3585530432E+00 5.8631829184E-01 3.9226561964E-01
2.3774214676E+00 5.7327802963E-01 3.8746832018E-01
2.3962898919E+00 5.6009288307E-01 3.8241799051E-01
2.4151583163E+00 5.4676963832E-01 3.7711498137E-01
2.4340267406E+00 5.3331512365E-01 3.7155979203E-01
2.4528951650E+00 5.1973620570E-01 3.6575307056E-01
2.4717635893E+00 5.0603978583E-01 3.5969561389E-01
2.4906320137E+00 4.9223279641E-01 3.5338836792E-01
2.5095004380E+00 4.7832219706E-01 3.4683242743E-01
2.5283688623E+00 4.6431497097E-01 3.4002903600E-01
2.5472372867E+00 4.5021812113E-01 3.3297958573E-01
2.5661057110E+00 4.3603866663E-01 3.2568561704E-01
2.5849741354E+00 4.2178363890E-01 3.1814881820E-01
2.6038425597E+00 4.0746007793E-01 3.1037102492E-01
2.6227109841E+00 3.9307502863E-01 3.0235421979E-01
2.6415794084E+00 3.7863553700E-01 2.9410053162E-01
2.6604478328E+00 3.6414864646E-01 2.8561223478E-01
2.6793162571E+00 3.4962139409E-01 2.7689174832E-01
2.6981846815E+00 3.3506080695E-01 2.6794163515E-01
2.7170531058E+00 3.2047389838E-01 2.5876460106E-01
2.7359215302E+00 3.0586766431E-01 2.4936349364E-01
2.7547899545E+00 2.9124907957E-01 2.3974130118E-01
2.7736583788E+00 2.7662509429E-01 2.2990115145E-01
2.7925268032E+00 2.6200263023E-01 2.1984631039E-01
2.8113952275E+00 2.4738857717E-01 2.0958018075E-01
2.8302636519E+00 2.3278978937E-01 1.9910630064E-01
2.8491320762E+00 2.1821308196E-01 1.8842834197E-01
2.8680005006E+00 2.0366522745E-01 1.7755010887E-01
2.8868689249E+00 1.8915295221E-01 1.6647553601E-01
2.9057373493E+00 1.7468293301E-01 1.5520868677E-01
2.9246057736E+00 1.6026179358E-01 1.4375375148E-01
2.9434741980E+00 1.4589610121E-01 1.3211504546E-01
2.9623426223E+00 1.3159236339E-01 1.2029700703E-01
2.9812110466E+00 1.1735702451E-01 1.0830419548E-01
3.0000794710E+00 1.0319646253E-01 9.6141288906E-02
3.0189478953E+00 8.9116985784E-02 8.3813082009E-02
3.0378163197E+00 7.5124829765E-02 7.1324483844E-02
3.0566847440E+00 6.1226153979E-02 5.8680515464E-02
3.0755531684E+00 4.7427038846E-02 4.5886307515E-02
3.0944215927E+00 3.3733482648E-02 3.2947097764E-02
3.1132900171E+00 2.0151398527E-02 1.9868228562E-02
3.1321584414E+00 6.6866115393E-03 6.6551442423E-03
3.1510268658E+00 -6.6551442423E-03 -6.6866115393E-03
3.1698952901E+00 -1.9868228562E-02 -2.0151398527E-02
3.1887637145E+00 -3.2947097764E-02 -3.3733482648E-02
3.2076321388E+00 -4.5886307515E-02 -4.7427038846E-02
3.2265005631E+00 -5.8680515464E-02 -6.1226153979E-02
3.2453689875E+00 -7.1324483844E-02 -7.5124829765E-02
3.2642374118E+00 -8.3813082009E-02 -8.9116985784E-02
3.2831058362E+00 -9.6141288906E-02 -1.0319646253E-01
3.3019742605E+00 -1.0830419548E-01 -1.1735702451E-01
3.3208426849E+00 -1.2029700703E-01 -1.3159236339E-01
3.3397111092E+00 -1.3211504546E-01 -1.4589610121E-01
3.3585795336E+00 -1.4375375148E-01 -1.6026179358E-01
3.3774479579E+00 -1.5520868677E-01 -1.7468293301E-01
3.3963163823E+00 -1.6647553601E-01 -1.8915295221E-01
3.4151848066E+00 -1.7755010887E-01 -2.0366522745E-01
3.4340532310E+00 -1.8842834197E-01 -2.1821308196E-01
3.4529216553E+00 -1.9910630064E-01 -2.3278978937E-01
3.4717900796E+00 -2.0958018075E-01 -2.4738857717E-01
3.4906585040E+00 -2.1984631039E-01 -2.6200263023E-01
3.5095269283E+00 -2.2990115145E-01 -2.7662509429E-01
3.5283953527E+00 -2.3974130118E-01 -2.9124907957E-01
3.5472637770E+00 -2.4936349364E-01 -3.0586766431E-01
3.5661322014E+00 -2.5876460106E-01 -3.2047389838E-01
3.5850006257E+00 -2.6794163515E-01 -3.3506080695E-01
3.6038690501E+00 -2.7689174832E-01 -3.4962139409E-01
3.6227374744E+00 -2.8561223478E-01 -3.6414864646E-01
3.6416058988E+00 -2.9410053162E-01 -3.7863553700E-01
3.6604743231E+00 -3.0235421979E-01 -3.9307502863E-01
3.6793427474E+00 -3.1037102492E-01 -4.0746007793E-01
3.6982111718E+00 -3.1814881820E-01 -4.2178363890E-01
3.7170795961E+00 -3.2568561704E-01 -4.3603866663E-01
3.7359480205E+00 -3.3297958573E-01 -4.5021812113E-01
3.7548164448E+00 -3.4002903600E-01 -4.6431497097E-01
3.7736848692E+00 -3.4683242743E-01 -4.7832219706E-01
3.7925532935E+00 -3.5338836792E-01 -4.9223279641E-01
3.8114217179E+00 -3.5969561389E-01 -5.0603978583E-01
3.8302901422E+00 -3.6575307056E-01 -5.1973620570E-01
3.8491585666E+00 -3.7155979203E-01 -5.3331512365E-01
3.8680269909E+00 -3.7711498137E-01 -5.4676963832E-01
3.8868954153E+00 -3.8241799051E-01 -5.6009288307E-01
3.9057638396E+00 -3.8746832018E-01 -5.7327802963E-01
3.9246322639E+00 -3.9226561964E-01 -5.8631829184E-01
3.9435006883E+00 -3.9680968644E-01 -5.9920692927E-01
3.9623691126E+00 -4.0110046597E-01 -6.1193725089E-01
3.9812375370E+00 -4.0513805107E-01 -6.2450261868E-01
4.0001059613E+00 -4.0892268140E-01 -6.3689645125E-01
4.0189743857E+00 -4.1245474289E-01 -6.4911222743E-01
4.0378428100E+00 -4.1573476698E-01 -6.6114348978E-01
4.0567112344E+00 -4.1876342981E-01 -6.7298384815E-01
4.0755796587E+00 -4.2154155141E-01 -6.8462698316E-01
4.0944480831E+00 -4.2407009466E-01 -6.9606664967E-01
4.1133165074E+00 -4.2635016432E-01 -7.0729668020E-01
4.1321849317E+00 -4.2838300585E-01 -7.1831098833E-01
4.1510533561E+00 -4.3017000428E-01 -7.2910357204E-01
4.1699217804E+00 -4.3171268290E-01 -7.3966851703E-01
4.1887902048E+00 -4.3301270189E-01 -7.5000000000E-01
4.2076586291E+00 -4.3407185694E-01 -7.6009229187E-01
4.2265270535E+00 -4.3489207769E-01 -7.6993976098E-01
4.2453954778E+00 -4.3547542622E-01 -7.7953687617E-01
4.2642639022E+00 -4.3582409534E-01 -7.8887820996E-01
4.2831323265E+00 -4.3594040688E-01 -7.9795844149E-01
4.3020007509E+00 -4.3582680992E-01 -8.0677235959E-01
4.3208691752E+00 -4.3548587891E-01 -8.1531486565E-01
4.3397375996E+00 -4.3492031172E-01 -8.2358097651E-01
4.3586060239E+00 -4.3413292764E-01 -8.3156582730E-01
4.3774744482E+00 -4.3312666534E-01 -8.3926467418E-01
4.3963428726E+00 -4.3190458071E-01 -8.4667289704E-01
4.4152112969E+00 -4.3046984465E-01 -8.5378600215E-01
4.4340797213E+00 -4.2882574083E-01 -8.6059962471E-01
4.4529481456E+00 -4.2697566337E-01 -8.6710953140E-01
4.4718165700E+00 -4.2492311441E-01 -8.7331162276E-01
4.4906849943E+00 -4.2267170174E-01 -8.7920193565E-01
4.5095534187E+00 -4.2022513622E-01 -8.8477664547E-01
4.5284218430E+00 -4.1758722930E-01 -8.9003206848E-01
4.5472902674E+00 -4.1476189033E-01 -8.9496466389E-01
4.5661586917E+00 -4.1175312396E-01 -8.9957103601E-01
4.5850271160E+00 -4.0856502742E-01 -9.0384793624E-01
4.6038955404E+00 -4.0520178770E-01 -9.0779226502E-01
4.6227639647E+00 -4.0166767880E-01 -9.1140107370E-01
4.6416323891E+00 -3.9796705885E-01 -9.1467156634E-01
4.6605008134E+00 -3.9410436720E-01 -9.1760110142E-01
4.6793692378E+00 -3.9008412146E-01 -9.2018719345E-01
4.6982376621E+00 -3.8591091455E-01 -9.2242751455E-01
4.7171060865E+00 -3.8158941165E-01 -9.2431989592E-01
4.7359745108E+00 -3.7712434714E-01 -9.2586232923E-01
4.7548429352E+00 -3.7252052149E-01 -9.2705296792E-01
4.7737113595E+00 -3.6778279815E-01 -9.2789012844E-01
4.7925797839E+00 -3.6291610036E-01 -9.2837229137E-01
4.8114482082E+00 -3.5792540796E-01 -9.2849810248E-01
4.8303166325E+00 -3.5281575417E-01 -9.2826637374E-01
4.8491850569E+00 -3.4759222233E-01 -9.2767608415E-01
4.8680534812E+00 -3.4225994264E-01 -9.2672638056E-01
4.8869219056E+00 -3.3682408883E-01 -9.2541657840E-01
4.9057903299E+00 -3.3128987488E-01 -9.2374616227E-01
4.9246587543E+00 -3.2566255165E-01 -9.2171478650E-01
4.9435271786E+00 -3.1994740353E-01 -9.1932227558E-01
4.9623956030E+00 -3.1414974509E-01 -9.1656862456E-01
4.9812640273E+00 -3.0827491766E-01 -9.1345399925E-01
5.0001324517E+00 -3.0232828597E-01 -9.0997873647E-01
5.0190008760E+00 -2.9631523472E-01 -9.0614334409E-01
5.0378693004E+00 -2.9024116518E-01 -9.0194850107E-01
5.0567377247E+00 -2.8411149179E-01 -8.9739505735E-01
5.0756061490E+00 -2.7793163871E-01 -8.9248403370E-01
5.0944745734E+00 -2.7170703641E-01 -8.8721662143E-01
5.1133429977E+00 -2.6544311826E-01 -8.8159418203E-01
5.1322114221E+00 -2.5914531711E-01 -8.7561824676E-01
5.1510798464E+00 -2.5281906186E-01 -8.6929051610E-01
5.1699482708E+00 -2.4646977409E-01 -8.6261285910E-01
5.1888166951E+00 -2.4010286463E-01 -8.5558731274E-01
5.2076851195E+00 -2.3372373017E-01 -8.4821608107E-01
5.2265535438E+00 -2.2733774994E-01 -8.4050153433E-01
5.2454219682E+00 -2.2095028227E-01 -8.3244620804E-01
5.2642903925E+00 -2.1456666134E-01 -8.2405280186E-01
5.2831588168E+00 -2.0819219376E-01 -8.1532417849E-01
5.3020272412E+00 -2.0183215535E-01 -8.0626336244E-01
5.3208956655E+00 -1.9549178780E-01 -7.9687353869E-01
5.3397640899E+00 -1.8917629546E-01 -7.8715805132E-01
5.3586325142E+00 -1.8289084205E-01 -7.7712040200E-01
5.3775009386E+00 -1.7664054752E-01 -7.6676424844E-01
5.3963693629E+00 -1.7043048484E-01 -7.5609340274E-01
5.4152377873E+00 -1.6426567688E-01 -7.4511182964E-01
5.4341062116E+00 -1.5815109328E-01 -7.3382364473E-01
5.4529746360E+00 -1.5209164737E-01 -7.2223311257E-01
5.4718430603E+00 -1.4609219318E-01 -7.1034464469E-01
5.4907114847E+00 -1.4015752240E-01 -6.9816279755E-01
5.5095799090E+00 -1.3429236144E-01 -6.8569227045E-01
5.5284483333E+00 -1.2850136850E-01 -6.7293790329E-01
5.5473167577E+00 -1.2278913073E-01 -6.5990467432E-01
5.5661851820E+00 -1.1716016139E-01 -6.4659769780E-01
5.5850536064E+00 -1.1161889705E-01 -6.3302222156E-01
5.6039220307E+00 -1.0616969489E-01 -6.1918362453E-01
5.6227904551E+00 -1.0081683000E-01 -6.0508741419E-01
5.6416588794E+00 -9.5564492788E-02 -5.9073922392E-01
5.6605273038E+00 -9.0416786359E-02 -5.7614481032E-01
5.6793957281E+00 -8.5377724028E-02 -5.6131005047E-01
5.6982641525E+00 -8.0451226847E-02 -5.4624093909E-01
5.7171325768E+00 -7.5641121200E-02 -5.3094358565E-01
5.7360010011E+00 -7.0951136458E-02 -5.1542421146E-01
5.7548694255E+00 -6.6384902696E-02 -4.9968914663E-01
5.7737378498E+00 -6.1945948465E-02 -4.8374482704E-01
5.7926062742E+00 -5.7637698633E-02 -4.6759779121E-01
5.8114746985E+00 -5.3463472290E-02 -4.5125467711E-01
5.8303431229E+00 -4.9426480716E-02 -4.3472221899E-01
5.8492115472E+00 -4.5529825414E-02 -4.1800724405E-01
5.8680799716E+00 -4.1776496217E-02 -4.0111666915E-01
5.8869483959E+00 -3.8169369461E-02 -3.8405749742E-01
5.9058168203E+00 -3.4711206223E-02 -3.6683681487E-01
5.9246852446E+00 -3.1404650635E-02 -3.4946178690E-01
5.9435536690E+00 -2.8252228273E-02 -3.3193965481E-01
5.9624220933E+00 -2.5256344609E-02 -3.1427773228E-01
5.9812905176E+00 -2.2419283547E-02 -2.9648340172E-01
6.0001589420E+00 -1.9743206026E-02 -2.7856411076E-01
6.0190273663E+00 -1.7230148703E-02 -2.6052736848E-01
6.0378957907E+00 -1.4882022709E-02 -2.4238074181E-01
6.0567642150E+00 -1.2700612485E-02 -2.2413185181E-01
6.0756326394E+00 -1.0687574691E-02 -2.0578836985E-01
6.0945010637E+00 -8.8444371981E-03 -1.8735801394E-01
6.1133694881E+00 -7.1725981556E-03 -1.6884854487E-01
6.1322379124E+00 -5.6733251390E-03 -1.5026776240E-01
6.1511063368E+00 -4.3477543773E-03 -1.3162350145E-01
6.1699747611E+00 -3.1968900604E-03 -1.1292362820E-01
6.1888431855E+00 -2.2216037271E-03 -9.4176036262E-02
6.2077116098E+00 -1.4226337339E-03 -7.5388642756E-02
6.2265800341E+00 -8.0058480509E-04 -5.6569384424E-02
6.2454484585E+00 -3.5592766446E-04 -3.7726213718E-02
6.2643168828E+00 -8.8998748180E-05 -1.8867094876E-02
6.2831853072E+00 -1.4997597827E-32 -2.4492935983E-16
6.3020537315E+00 -8.8998748180E-05 1.8867094876E-02
6.3209221559E+00 -3.5592766446E-04 3.7726213718E-02
6.3397905802E+00 -8.0058480509E-04 5.6569384424E-02
6.3586590046E+00 -1.4226337339E-03 7.5388642756E-02
6.3775274289E+00 -2.2216037271E-03 9.4176036262E-02
6.3963958533E+00 -3.1968900604E-03 1.1292362820E-01
6.4152642776E+00 -4.3477543773E-03 1.3162350145E-01
6.4341327019E+00 -5.6733251390E-03 1.5026776240E-01
6.4530011263E+00 -7.1725981556E-03 1.6884854487E-01
6.4718695506E+00 -8.8444371981E-03 1.8735801394E-01
6.4907379750E+00 -1.0687574691E-02 2.0578836985E-01
6.5096063993E+00 -1.2700612485E-02 2.2413185181E-01
6.5284748237E+00 -1.4882022709E-02 2.4238074181E-01
6.5473432480E+00 -1.7230148703E-02 2.6052736848E-01
6.5662116724E+00 -1.9743206026E-02 2.7856411076E-01
6.5850800967E+00 -2.2419283547E-02 2.9648340172E-01
6.6039485211E+00 -2.5256344609E-02 3.1427773228E-01
6.6228169454E+00 -2.8252228273E-02 3.3193965481E-01
6.6416853698E+00 -3.1404650635E-02 3.4946178690E-01
6.6605537941E+00 -3.4711206223E-02 3.6683681487E-01
6.6794222184E+00 -3.8169369461E-02 3.8405749742E-01
6.6982906428E+00 -4.1776496217E-02 4.0111666915E-01
6.7171590671E+00 -4.5529825414E-02 4.1800724405E-01
6.7360274915E+00 -4.9426480716E-02 4.3472221899E-01
6.7548959158E+00 -5.3463472290E-02 4.5125467711E-01
6.7737643402E+00 -5.7637698633E-02 4.6759779121E-01
6.7926327645E+00 -6.1945948465E-02 4.8374482704E-01
6.8115011889E+00 -6.6384902696E-02 4.9968914663E-01
6.8303696132E+00 -7.0951136458E-02 5.1542421146E-01
6.8492380376E+00 -7.5641121200E-02 5.3094358565E-01
6.8681064619E+00 -8.0451226847E-02 5.4624093909E-01
6.8869748862E+00 -8.5377724028E-02 5.6131005047E-01
6.9058433106E+00 -9.0416786359E-02 5.7614481032E-01
6.9247117349E+00 -9.5564492788E-02 5.9073922392E-01
6.9435801593E+00 -1.0081683000E-01 6.0508741419E-01
6.9624485836E+00 -1.0616969489E-01 6.1918362453E-01
6.9813170080E+00 -1.1161889705E-01 6.3302222156E-01
7.0001854323E+00 -1.1716016139E-01 6.4659769780E-01
7.0190538567E+00 -1.2278913073E-01 6.5990467432E-01
7.0379222810E+00 -1.2850136850E-01 6.7293790329E-01
7.0567907054E+00 -1.3429236144E-01 6.8569227045E-01
7.0756591297E+00 -1.4015752240E-01 6.9816279755E-01
7.0945275541E+00 -1.4609219318E-01 7.1034464469E-01
7.1133959784E+00 -1.5209164737E-01 7.2223311257E-01
7.1322644027E+00 -1.5815109328E-01 7.3382364473E-01
7.1511328271E+00 -1.6426567688E-01 7.4511182964E-01
7.1700012514E+00 -1.7043048484E-01 7.5609340274E-01
7.1888696758E+00 -1.7664054752E-01 7.6676424844E-01
7.2077381001E+00 -1.8289084205E-01 7.7712040200E-01
7.2266065245E+00 -1.8917629546E-01 7.8715805132E-01
7.2454749488E+00 -1.9549178780E-01 7.9687353869E-01
7.2643433732E+00 -2.0183215535E-01 8.0626336244E-01
7.2832117975E+00 -2.0819219376E-01 8.1532417849E-01
7.3020802219E+00 -2.1456666134E-01 8.2405280186E-01
7.3209486462E+00 -2.2095028227E-01 8.3244620804E-01
7.3398170705E+00 -2.2733774994E-01 8.4050153433E-01
7.3586854949E+00 -2.3372373017E-01 8.4821608107E-01
7.3775539192E+00 -2.4010286463E-01 8.5558731274E-01
7.3964223436E+00 -2.4646977409E-01 8.6261285910E-01
7.4152907679E+00 -2.5281906186E-01 8.6929051610E-01
7.4341591923E+00 -2.5914531711E-01 8.7561824676E-01
7.4530276166E+00 -2.6544311826E-01 8.8159418203E-01
7.4718960410E+00 -2.7170703641E-01 8.8721662143E-01
7.4907644653E+00 -2.7793163871E-01 8.9248403370E-01
7.5096328897E+00 -2.8411149179E-01 8.9739505735E-01
7.5285013140E+00 -2.9024116518E-01 9.0194850107E-01
7.5473697384E+00 -2.9631523472E-01 9.0614334409E-01
7.5662381627E+00 -3.0232828597E-01 9.0997873647E-01
7.5851065870E+00 -3.0827491766E-01 9.1345399925E-01
7.6039750114E+00 -3.1414974509E-01 9.1656862456E-01
7.6228434357E+00 -3.1994740353E-01 9.1932227558E-01
7.6417118601E+00 -3.2566255165E-01 9.2171478650E-01
7.6605802844E+00 -3.3128987488E-01 9.2374616227E-01
7.6794487088E+00 -3.3682408883E-01 9.2541657840E-01
7.6983171331E+00 -3.4225994264E-01 9.2672638056E-01
7.7171855575E+00 -3.4759222233E-01 9.2767608415E-01
7.7360539818E+00 -3.5281575417E-01 9.2826637374E-01
7.7549224062E+00 -3.5792540796E-01 9.2849810248E-01
7.7737908305E+00 -3.6291610036E-01 9.2837229137E-01
7.7926592549E+00 -3.6778279815E-01 9.2789012844E-01
7.8115276792E+00 -3.7252052149E-01 9.2705296792E-01
7.8303961035E+00 -3.7712434714E-01 9.2586232923E-01
7.8492645279E+00 -3.8158941165E-01 9.2431989592E-01
7.8681329522E+00 -3.8591091455E-01 9.2242751455E-01
7.8870013766E+00 -3.9008412146E-01 9.2018719345E-01
7.9058698009E+00 -3.9410436720E-01 9.1760110142E-01
7.9247382253E+00 -3.9796705885E-01 9.1467156634E-01
7.9436066496E+00 -4.0166767880E-01 9.1140107370E-01
7.9624750740E+00 -4.0520178770E-01 9.0779226502E-01
7.9813434983E+00 -4.0856502742E-01 9.0384793624E-01
8.0002119227E+00 -4.1175312396E-01 8.9957103601E-01
8.0190803470E+00 -4.1476189033E-01 8.9496466389E-01
8.0379487713E+00 -4.1758722930E-01 8.9003206848E-01
8.0568171957E+00 -4.2022513622E-01 8.8477664547E-01
8.0756856200E+00 -4.2267170174E-01 8.7920193565E-01
8.0945540444E+00 -4.2492311441E-01 8.7331162276E-01
8.1134224687E+00 -4.2697566337E-01 8.6710953140E-01
8.1322908931E+00 -4.2882574083E-01 8.6059962471E-01
8.1511593174E+00 -4.3046984465E-01 8.5378600215E-01
8.1700277418E+00 -4.3190458071E-01 8.4667289704E-01
8.1888961661E+00 -4.3312666534E-01 8.3926467418E-01
8.2077645905E+00 -4.3413292764E-01 8.3156582730E-01
8.2266330148E+00 -4.3492031172E-01 8.2358097651E-01
8.2455014392E+00 -4.3548587891E-01 8.1531486565E-01
8.2643698635E+00 -4.3582680992E-01 8.0677235959E-01
8.2832382878E+00 -4.3594040688E-01 7.9795844149E-01
8.3021067122E+00 -4.3582409534E-01 7.8887820996E-01
8.3209751365E+00 -4.3547542622E-01 7.7953687617E-01
8.3398435609E+00 -4.3489207769E-01 7.6993976098E-01
8.3587119852E+00 -4.3407185694E-01 7.6009229187E-01
8.3775804096E+00 -4.3301270189E-01 7.5000000000E-01
8.3964488339E+00 -4.3171268290E-01 7.3966851703E-01
8.4153172583E+00 -4.3017000428E-01 7.2910357204E-01
8.4341856826E+00 -4.2838300585E-01 7.1831098833E-01
8.4530541070E+00 -4.2635016432E-01 7.0729668020E-01
8.4719225313E+00 -4.2407009466E-01 6.9606664967E-01
8.4907909556E+00 -4.2154155141E-01 6.8462698316E-01
8.5096593800E+00 -4.1876342981E-01 6.7298384815E-01
8.5285278043E+00 -4.1573476698E-01 6.6114348978E-01
8.5473962287E+00 -4.1245474289E-01 6.4911222743E-01
8.5662646530E+00 -4.0892268140E-01 6.3689645125E-01
8.5851330774E+00 -4.0513805107E-01 6.2450261868E-01
8.6040015017E+00 -4.0110046597E-01 6.1193725089E-01
8.6228699261E+00 -3.9680968644E-01 5.9920692927E-01
8.6417383504E+00 -3.9226561964E-01 5.8631829184E-01
8.6606067748E+00 -3.8746832018E-01 5.7327802963E-01
8.6794751991E+00 -3.8241799051E-01 5.6009288307E-01
8.6983436235E+00 -3.7711498137E-01 5.4676963832E-01
8.7172120478E+00 -3.7155979203E-01 5.3331512365E-01
8.7360804721E+00 -3.6575307056E-01 5.1973620570E-01
8.7549488965E+00 -3.5969561389E-01 5.0603978583E-01
8.7738173208E+00 -3.5338836792E-01 4.9223279641E-01
8.7926857452E+00 -3.4683242743E-01 4.7832219706E-01
8.8115541695E+00 -3.4002903600E-01 4.6431497097E-01
8.8304225939E+00 -3.3297958573E-01 4.5021812113E-01
8.8492910182E+00 -3.2568561704E-01 4.3603866663E-01
8.8681594426E+00 -3.1814881820E-01 4.2178363890E-01
8.8870278669E+00 -3.1037102492E-01 4.0746007793E-01
8.9058962913E+00 -3.0235421979E-01 3.9307502863E-01
8.9247647156E+00 -2.9410053162E-01 3.7863553700E-01
8.9436331399E+00 -2.8561223478E-01 3.6414864646E-01
8.9625015643E+00 -2.7689174832E-01 3.4962139409E-01
8.9813699886E+00 -2.6794163515E-01 3.3506080695E-01
9.0002384130E+00 -2.5876460106E-01 3.2047389838E-01
9.0191068373E+00 -2.4936349364E-01 3.0586766431E-01
9.0379752617E+00 -2.3974130118E-01 2.9124907957E-01
9.0568436860E+00 -2.2990115145E-01 2.7662509429E-01
9.0757121104E+00 -2.1984631039E-01 2.6200263023E-01
9.0945805347E+00 -2.0958018075E-01 2.4738857717E-01
9.1134489591E+00 -1.9910630064E-01 2.3278978937E-01
9.1323173834E+00 -1.8842834197E-01 2.1821308196E-01
9.1511858078E+00 -1.7755010887E-01 2.0366522745E-01
9.1700542321E+00 -1.6647553601E-01 1.8915295221E-01
9.1889226564E+00 -1.5520868677E-01 1.7468293301E-01
9.2077910808E+00 -1.4375375148E-01 1.6026179358E-01
9.2266595051E+00 -1.3211504546E-01 1.4589610121E-01
9.2455279295E+00 -1.2029700703E-01 1.3159236339E-01
9.2643963538E+00 -1.0830419548E-01 1.1735702451E-01
9.2832647782E+00 -9.6141288906E-02 1.0319646253E-01
9.3021332025E+00 -8.3813082009E-02 8.9116985784E-02
9.3210016269E+00 -7.1324483844E-02 7.5124829765E-02
9.3398700512E+00 -5.8680515464E-02 6.1226153979E-02
9.3587384756E+00 -4.5886307515E-02 4.7427038846E-02
9.3776068999E+00 -3.2947097764E-02 3.3733482648E-02
9.3964753243E+00 -1.9868228562E-02 2.0151398527E-02
9.4153437486E+00 -6.6551442423E-03 6.6866115393E-03
9.4342121729E+00 6.6866115393E-03 -6.6551442423E-03
9.4530805973E+00 2.0151398527E-02 -1.9868228562E-02
9.4719490216E+00 3.3733482648E-02 -3.2947097764E-02
9.4908174460E+00 4.7427038846E-02 -4.5886307515E-02
9.5096858703E+00 6.1226153979E-02 -5.8680515464E-02
9.5285542947E+00 7.5124829765E-02 -7.1324483844E-02
9.5474227190E+00 8.9116985784E-02 -8.3813082009E-02
9.5662911434E+00 1.0319646253E-01 -9.6141288906E-02
9.5851595677E+00 1.1735702451E-01 -1.0830419548E-01
9.6040279921E+00 1.3159236339E-01 -1.2029700703E-01
9.6228964164E+00 1.4589610121E-01 -1.3211504546E-01
9.6417648407E+00 1.6026179358E-01 -1.4375375148E-01
9.6606332651E+00 1.7468293301E-01 -1.5520868677E-01
9.6795016894E+00 1.8915295221E-01 -1.6647553601E-01
9.6983701138E+00 2.0366522745E-01 -1.7755010887E-01
9.7172385381E+00 2.1821308196E-01 -1.8842834197E-01
9.7361069625E+00 2.3278978937E-01 -1.9910630064E-01
9.7549753868E+00 2.4738857717E-01 -2.0958018075E-01
9.7738438112E+00 2.6200263023E-01 -2.1984631039E-01
9.7927122355E+00 2.7662509429E-01 -2.2990115145E-01
9.8115806599E+00 2.9124907957E-01 -2.3974130118E-01
9.8304490842E+00 3.0586766431E-01 -2.4936349364E-01
9.8493175086E+00 3.2047389838E-01 -2.5876460106E-01
9.8681859329E+00 3.3506080695E-01 -2.6794163515E-01
9.8870543572E+00 3.4962139409E-01 -2.7689174832E-01
9.9059227816E+00 3.6414864646E-01 -2.8561223478E-01
9.9247912059E+00 3.7863553700E-01 -2.9410053162E-01
9.9436596303E+00 3.9307502863E-01 -3.0235421979E-01
9.9625280546E+00 4.0746007793E-01 -3.1037102492E-01
9.9813964790E+00 4.2178363890E-01 -3.1814881820E-01
1.0000264903E+01 4.3603866663E-01 -3.2568561704E-01
1.0019133328E+01 4.5021812113E-01 -3.3297958573E-01
1.0038001752E+01 4.6431497097E-01 -3.4002903600E-01
1.0056870176E+01 4.7832219706E-01 -3.4683242743E-01
1.0075738601E+01 4.9223279641E-01 -3.5338836792E-01
1.0094607025E+01 5.0603978583E-01 -3.5969561389E-01
1.0113475449E+01 5.1973620570E-01 -3.6575307056E-01
1.0132343874E+01 5.3331512365E-01 -3.7155979203E-01
1.0151212298E+01 5.4676963832E-01 -3.7711498137E-01
1.0170080722E+01 5.6009288307E-01 -3.8241799051E-01
1.0188949147E+01 5.7327802963E-01 -3.8746832018E-01
1.0207817571E+01 5.8631829184E-01 -3.9226561964E-01
1.0226685995E+01 5.9920692927E-01 -3.9680968644E-01
1.0245554420E+01 6.1193725089E-01 -4.0110046597E-01
1.0264422844E+01 6.2450261868E-01 -4.0513805107E-01
1.0283291269E+01 6.3689645125E-01 -4.0892268140E-01
1.0302159693E+01 6.4911222743E-01 -4.1245474289E-01
1.0321028117E+01 6.6114348978E-01 -4.1573476698E-01
1.0339896542E+01 6.7298384815E-01 -4.1876342981E-01
1.0358764966E+01 6.8462698316E-01 -4.2154155141E-01
1.0377633390E+01 6.9606664967E-01 -4.2407009466E-01
1.0396501815E+01 7.0729668020E-01 -4.2635016432E-01
1.0415370239E+01 7.1831098833E-01 -4.2838300585E-01
1.0434238663E+01 7.2910357204E-01 -4.3017000428E-01
1.0453107088E+01 7.3966851703E-01 -4.3171268290E-01
1.0471975512E+01 7.5000000000E-01 -4.3301270189E-01
1.0490843936E+01 7.6009229187E-01 -4.3407185694E-01
1.0509712361E+01 7.6993976098E-01 -4.3489207769E-01
1.0528580785E+01 7.7953687617E-01 -4.3547542622E-01
1.0547449209E+01 7.8887820996E-01 -4.3582409534E-01
1.0566317634E+01 7.9795844149E-01 -4.3594040688E-01
1.0585186058E+01 8.0677235959E-01 -4.3582680992E-01
1.0604054482E+01 8.1531486565E-01 -4.3548587891E-01
1.0622922907E+01 8.2358097651E-01 -4.3492031172E-01
1.0641791331E+01 8.3156582730E-01 -4.3413292764E-01
1.0660659755E+01 8.3926467418E-01 -4.3312666534E-01
1.0679528180E+01 8.4667289704E-01 -4.3190458071E-01
1.0698396604E+01 8.5378600215E-01 -4.3046984465E-01
1.0717265028E+01 8.6059962471E-01 -4.2882574083E-01
1.0736133453E+01 8.6710953140E-01 -4.2697566337E-01
1.0755001877E+01 8.7331162276E-01 -4.2492311441E-01
1.0773870302E+01 8.7920193565E-01 -4.2267170174E-01
1.0792738726E+01 8.8477664547E-01 -4.2022513622E-01
1.0811607150E+01 8.9003206848E-01 -4.1758722930E-01
1.0830475575E+01 8.9496466389E-01 -4.1476189033E-01
1.0849343999E+01 8.9957103601E-01 -4.1175312396E-01
1.0868212423E+01 9.0384793624E-01 -4.0856502742E-01
1.0887080848E+01 9.0779226502E-01 -4.0520178770E-01
1.0905949272E+01 9.1140107370E-01 -4.0166767880E-01
1.0924817696E+01 9.1467156634E-01 -3.9796705885E-01
1.0943686121E+01 9.1760110142E-01 -3.9410436720E-01
1.0962554545E+01 9.2018719345E-01 -3.9008412146E-01
1.0981422969E+01 9.2242751455E-01 -3.8591091455E-01
1.1000291394E+01 9.2431989592E-01 -3.8158941165E-01
1.1019159818E+01 9.2586232923E-01 -3.7712434714E-01
1.1038028242E+01 9.2705296792E-01 -3.7252052149E-01
1.1056896667E+01 9.2789012844E-01 -3.6778279815E-01
1.1075765091E+01 9.2837229137E-01 -3.6291610036E-01
1.1094633515E+01 9.2849810248E-01 -3.5792540796E-01
1.1113501940E+01 9.2826637374E-01 -3.5281575417E-01
1.1132370364E+01 9.2767608415E-01 -3.4759222233E-01
1.1151238788E+01 9.2672638056E-01 -3.4225994264E-01
1.1170107213E+01 9.2541657840E-01 -3.3682408883E-01
1.1188975637E+01 9.2374616227E-01 -3.3128987488E-01
1.1207844061E+01 9.2171478650E-01 -3.2566255165E-01
1.1226712486E+01 9.1932227558E-01 -3.1994740353E-01
1.1245580910E+01 9.1656862456E-01 -3.1414974509E-01
1.1264449334E+01 9.1345399925E-01 -3.0827491766E-01
1.1283317759E+01 9.0997873647E-01 -3.0232828597E-01
1.1302186183E+01 9.0614334409E-01 -2.9631523472E-01
1.1321054608E+01 9.0194850107E-01 -2.9024116518E-01
1.1339923032E+01 8.9739505735E-01 -2.8411149179E-01
1.1358791456E+01 8.9248403370E-01 -2.7793163871E-01
1.1377659881E+01 8.8721662143E-01 -2.7170703641E-01
1.1396528305E+01 8.8159418203E-01 -2.6544311826E-01
1.1415396729E+01 8.7561824676E-01 -2.5914531711E-01
1.1434265154E+01 8.6929051610E-01 -2.5281906186E-01
1.1453133578E+01 8.6261285910E-01 -2.4646977409E-01
1.1472002002E+01 8.5558731274E-01 -2.4010286463E-01
1.1490870427E+01 8.4821608107E-01 -2.3372373017E-01
1.1509738851E+01 8.4050153433E-01 -2.2733774994E-01
1.1528607275E+01 8.3244620804E-01 -2.2095028227E-01
1.1547475700E+01 8.2405280186E-01 -2.1456666134E-01
1.1566344124E+01 8.1532417849E-01 -2.0819219376E-01
1.1585212548E+01 8.0626336244E-01 -2.0183215535E-01
1.1604080973E+01 7.9687353869E-01 -1.9549178780E-01
1.1622949397E+01 7.8715805132E-01 -1.8917629546E-01
1.1641817821E+01 7.7712040200E-01 -1.8289084205E-01
1.1660686246E+01 7.6676424844E-01 -1.7664054752E-01
1.1679554670E+01 7.5609340274E-01 -1.7043048484E-01
1.1698423094E+01 7.4511182964E-01 -1.6426567688E-01
1.1717291519E+01 7.3382364473E-01 -1.5815109328E-01
1.1736159943E+01 7.2223311257E-01 -1.5209164737E-01
1.1755028367E+01 7.1034464469E-01 -1.4609219318E-01
1.1773896792E+01 6.9816279755E-01 -1.4015752240E-01
1.1792765216E+01 6.8569227045E-01 -1.3429236144E-01
1.1811633641E+01 6.7293790329E-01 -1.2850136850E-01
1.1830502065E+01 6.5990467432E-01 -1.2278913073E-01
1.1849370489E+01 6.4659769780E-01 -1.1716016139E-01
1.1868238914E+01 6.3302222156E-01 -1.1161889705E-01
1.1887107338E+01 6.1918362453E-01 -1.0616969489E-01
1.1905975762E+01 6.0508741419E-01 -1.0081683000E-01
1.1924844187E+01 5.9073922392E-01 -9.5564492788E-02
1.1943712611E+01 5.7614481032E-01 -9.0416786359E-02
1.1962581035E+01 5.6131005047E-01 -8.5377724028E-02
1.1981449460E+01 5.4624093909E-01 -8.0451226847E-02
1.2000317884E+01 5.3094358565E-01 -7.5641121200E-02
1.2019186308E+01 5.1542421146E-01 -7.0951136458E-02
1.2038054733E+01 4.9968914663E-01 -6.6384902696E-02
1.2056923157E+01 4.8374482704E-01 -6.1945948465E-02
1.2075791581E+01 4.6759779121E-01 -5.7637698633E-02
1.2094660006E+01 4.5125467711E-01 -5.3463472290E-02
1.2113528430E+01 4.3472221899E-01 -4.9426480716E-02
1.2132396854E+01 4.1800724405E-01 -4.5529825414E-02
1.2151265279E+01 4.0111666915E-01 -4.1776496217E-02
1.2170133703E+01 3.8405749742E-01 -3.8169369461E-02
1.2189002127E+01 3.6683681487E-01 -3.4711206223E-02
1.2207870552E+01 3.4946178690E-01 -3.1404650635E-02
1.2226738976E+01 3.3193965481E-01 -2.8252228273E-02
1.2245607400E+01 3.1427773228E-01 -2.5256344609E-02
1.2264475825E+01 2.9648340172E-01 -2.2419283547E-02
1.2283344249E+01 2.7856411076E-01 -1.9743206026E-02
1.2302212674E+01 2.6052736848E-01 -1.7230148703E-02
1.2321081098E+01 2.4238074181E-01 -1.4882022709E-02
1.2339949522E+01 2.2413185181E-01 -1.2700612485E-02
1.2358817947E+01 2.0578836985E-01 -1.0687574691E-02
1.2377686371E+01 1.8735801394E-01 -8.8444371981E-03
1.2396554795E+01 1.6884854487E-01 -7.1725981556E-03
1.2415423220E+01 1.5026776240E-01 -5.6733251390E-03
1.2434291644E+01 1.3162350145E-01 -4.3477543773E-03
1.2453160068E+01 1.1292362820E-01 -3.1968900604E-03
1.2472028493E+01 9.4176036262E-02 -2.2216037271E-03
1.2490896917E+01 7.5388642756E-02 -1.4226337339E-03
1.2509765341E+01 5.6569384424E-02 -8.0058480509E-04
1.2528633766E+01 3.7726213718E-02 -3.5592766446E-04
1.2547502190E+01 1.8867094876E-02 -8.8998748180E-05
1.2566370614E+01 4.8985871966E-16 -5.9990391306E-32
1.2585239039E+01 -1.8867094876E-02 -8.8998748180E-05
1.2604107463E+01 -3.7726213718E-02 -3.5592766446E-04
1.2622975887E+01 -5.6569384424E-02 -8.0058480509E-04
1.2641844312E+01 -7.5388642756E-02 -1.4226337339E-03
1.2660712736E+01 -9.4176036262E-02 -2.2216037271E-03
1.2679581160E+01 -1.1292362820E-01 -3.1968900604E-03
1.2698449585E+01 -1.3162350145E-01 -4.3477543773E-03
1.2717318009E+01 -1.5026776240E-01 -5.6733251390E-03
1.2736186433E+01 -1.6884854487E-01 -7.1725981556E-03
1.2755054858E+01 -1.8735801394E-01 -8.8444371981E-03
1.2773923282E+01 -2.0578836985E-01 -1.0687574691E-02
1.2792791707E+01 -2.2413185181E-01 -1.2700612485E-02
1.2811660131E+01 -2.4238074181E-01 -1.4882022709E-02
1.2830528555E+01 -2.6052736848E-01 -1.7230148703E-02
1.2849396980E+01 -2.7856411076E-01 -1.9743206026E-02
1.2868265404E+01 -2.9648340172E-01 -2.2419283547E-02
1.2887133828E+01 -3.1427773228E-01 -2.5256344609E-02
1.2906002253E+01 -3.3193965481E-01 -2.8252228273E-02
1.2924870677E+01 -3.4946178690E-01 -3.1404650635E-02
1.2943739101E+01 -3.6683681487E-01 -3.4711206223E-02
1.2962607526E+01 -3.8405749742E-01 -3.8169369461E-02
1.2981475950E+01 -4.0111666915E-01 -4.1776496217E-02
1.3000344374E+01 -4.1800724405E-01 -4.5529825414E-02
1.3019212799E+01 -4.3472221899E-01 -4.9426480716E-02
1.3038081223E+01 -4.5125467711E-01 -5.3463472290E-02
1.3056949647E+01 -4.6759779121E-01 -5.7637698633E-02
1.3075818072E+01 -4.8374482704E-01 -6.1945948465E-02
1.3094686496E+01 -4.9968914663E-01 -6.6384902696E-02
1.3113554920E+01 -5.1542421146E-01 -7.0951136458E-02
1.3132423345E+01 -5.3094358565E-01 -7.5641121200E-02
1.3151291769E+01 -5.4624093909E-01 -8.0451226847E-02
1.3170160193E+01 -5.6131005047E-01 -8.5377724028E-02
1.3189028618E+01 -5.7614481032E-01 -9.0416786359E-02
1.3207897042E+01 -5.9073922392E-01 -9.5564492788E-02
1.3226765466E+01 -6.0508741419E-01 -1.0081683000E-01
1.3245633891E+01 -6.1918362453E-01 -1.0616969489E-01
1.3264502315E+01 -6.3302222156E-01 -1.1161889705E-01
1.3283370740E+01 -6.4659769780E-01 -1.1716016139E-01
1.3302239164E+01 -6.5990467432E-01 -1.2278913073E-01
1.3321107588E+01 -6.7293790329E-01 -1.2850136850E-01
1.3339976013E+01 -6.8569227045E-01 -1.3429236144E-01
1.3358844437E+01 -6.9816279755E-01 -1.4015752240E-01
1.3377712861E+01 -7.1034464469E-01 -1.4609219318E-01
1.3396581286E+01 -7.2223311257E-01 -1.5209164737E-01
1.3415449710E+01 -7.3382364473E-01 -1.5815109328E-01
1.3434318134E+01 -7.4511182964E-01 -1.6426567688E-01
1.3453186559E+01 -7.5609340274E-01 -1.7043048484E-01
1.3472054983E+01 -7.6676424844E-01 -1.7664054752E-01
1.3490923407E+01 -7.7712040200E-01 -1.8289084205E-01
1.3509791832E+01 -7.8715805132E-01 -1.8917629546E-01
1.3528660256E+01 -7.9687353869E-01 -1.9549178780E-01
1.3547528680E+01 -8.0626336244E-01 -2.0183215535E-01
1.3566397105E+01 -8.1532417849E-01 -2.0819219376E-01
1.3585265529E+01 -8.2405280186E-01 -2.1456666134E-01
1.3604133953E+01 -8.3244620804E-01 -2.2095028227E-01
1.3623002378E+01 -8.4050153433E-01 -2.2733774994E-01
1.3641870802E+01 -8.4821608107E-01 -2.3372373017E-01
1.3660739226E+01 -8.5558731274E-01 -2.4010286463E-01
1.3679607651E+01 -8.6261285910E-01 -2.4646977409E-01
1.3698476075E+01 -8.6929051610E-01 -2.5281906186E-01
1.3717344499E+01 -8.7561824676E-01 -2.5914531711E-01
1.3736212924E+01 -8.8159418203E-01 -2.6544311826E-01
1.3755081348E+01 -8.8721662143E-01 -2.7170703641E-01
1.3773949772E+01 -8.9248403370E-01 -2.7793163871E-01
1.3792818197E+01 -8.9739505735E-01 -2.8411149179E-01
1.3811686621E+01 -9.0194850107E-01 -2.9024116518E-01
1.3830555046E+01 -9.0614334409E-01 -2.9631523472E-01
1.3849423470E+01 -9.0997873647E-01 -3.0232828597E-01
1.3868291894E+01 -9.1345399925E-01 -3.0827491766E-01
1.3887160319E+01 -9.1656862456E-01 -3.1414974509E-01
1.3906028743E+01 -9.1932227558E-01 -3.1994740353E-01
1.3924897167E+01 -9.2171478650E-01 -3.2566255165E-01
1.3943765592E+01 -9.2374616227E-01 -3.3128987488E-01
1.3962634016E+01 -9.2541657840E-01 -3.3682408883E-01
1.3981502440E+01 -9.2672638056E-01 -3.4225994264E-01
1.4000370865E+01 -9.2767608415E-01 -3.4759222233E-01
1.4019239289E+01 -9.2826637374E-01 -3.5281575417E-01
1.4038107713E+01 -9.2849810248E-01 -3.5792540796E-01
1.4056976138E+01 -9.2837229137E-01 -3.6291610036E-01
1.4075844562E+01 -9.2789012844E-01 -3.6778279815E-01
1.4094712986E+01 -9.2705296792E-01 -3.7252052149E-01
1.4113581411E+01 -9.2586232923E-01 -3.7712434714E-01
1.4132449835E+01 -9.2431989592E-01 -3.8158941165E-01
1.4151318259E+01 -9.2242751455E-01 -3.8591091455E-01
1.4170186684E+01 -9.2018719345E-01 -3.9008412146E-01
1.4189055108E+01 -9.1760110142E-01 -3.9410436720E-01
1.4207923532E+01 -9.1467156634E-01 -3.9796705885E-01
1.4226791957E+01 -9.1140107370E-01 -4.0166767880E-01
1.4245660381E+01 -9.0779226502E-01 -4.0520178770E-01
1.4264528805E+01 -9.0384793624E-01 -4.0856502742E-01
1.4283397230E+01 -8.9957103601E-01 -4.1175312396E-01
1.4302265654E+01 -8.9496466389E-01 -4.1476189033E-01
1.4321134079E+01 -8.9003206848E-01 -4.1758722930E-01
1.4340002503E+01 -8.8477664547E-01 -4.2022513622E-01
1.4358870927E+01 -8.7920193565E-01 -4.2267170174E-01
1.4377739352E+01 -8.7331162276E-01 -4.2492311441E-01
1.4396607776E+01 -8.6710953140E-01 -4.2697566337E-01
1.4415476200E+01 -8.6059962471E-01 -4.2882574083E-01
1.4434344625E+01 -8.5378600215E-01 -4.3046984465E-01
1.4453213049E+01 -8.4667289704E-01 -4.3190458071E-01
1.4472081473E+01 -8.3926467418E-01 -4.3312666534E-01
1.4490949898E+01 -8.3156582730E-01 -4.3413292764E-01
1.4509818322E+01 -8.2358097651E-01 -4.3492031172E-01
1.4528686746E+01 -8.1531486565E-01 -4.3548587891E-01
1.4547555171E+01 -8.0677235959E-01 -4.3582680992E-01
1.4566423595E+01 -7.9795844149E-01 -4.3594040688E-01
1.4585292019E+01 -7.8887820996E-01 -4.3582409534E-01
1.4604160444E+01 -7.7953687617E-01 -4.3547542622E-01
1.4623028868E+01 -7.6993976098E-01 -4.3489207769E-01
1.4641897292E+01 -7.6009229187E-01 -4.3407185694E-01
1.4660765717E+01 -7.5000000000E-01 -4.3301270189E-01
1.4679634141E+01 -7.3966851703E-01 -4.3171268290E-01
1.4698502565E+01 -7.2910357204E-01 -4.3017000428E-01
1.4717370990E+01 -7.1831098833E-01 -4.2838300585E-01
1.4736239414E+01 -7.0729668020E-01 -4.2635016432E-01
1.4755107838E+01 -6.9606664967E-01 -4.2407009466E-01
1.4773976263E+01 -6.8462698316E-01 -4.2154155141E-01
1.4792844687E+01 -6.7298384815E-01 -4.1876342981E-01
1.4811713112E+01 -6.6114348978E-01 -4.1573476698E-01
1.4830581536E+01 -6.4911222743E-01 -4.1245474289E-01
1.4849449960E+01 -6.3689645125E-01 -4.0892268140E-01
1.4868318385E+01 -6.2450261868E-01 -4.0513805107E-01
1.4887186809E+01 -6.1193725089E-01 -4.0110046597E-01
1.4906055233E+01 -5.9920692927E-01 -3.9680968644E-01
1.4924923658E+01 -5.8631829184E-01 -3.9226561964E-01
1.4943792082E+01 -5.7327802963E-01 -3.8746832018E-01
1.4962660506E+01 -5.6009288307E-01 -3.8241799051E-01
1.4981528931E+01 -5.4676963832E-01 -3.7711498137E-01
1.5000397355E+01 -5.3331512365E-01 -3.7155979203E-01
1.5019265779E+01 -5.1973620570E-01 -3.6575307056E-01
1.5038134204E+01 -5.0603978583E-01 -3.5969561389E-01
1.5057002628E+01 -4.9223279641E-01 -3.5338836792E-01
1.5075871052E+01 -4.7832219706E-01 -3.4683242743E-01
1.5094739477E+01 -4.6431497097E-01 -3.4002903600E-01
1.5113607901E+01 -4.5021812113E-01 -3.3297958573E-01
1.5132476325E+01 -4.3603866663E-01 -3.2568561704E-01
1.5151344750E+01 -4.2178363890E-01 -3.1814881820E-01
1.5170213174E+01 -4.0746007793E-01 -3.1037102492E-01
1.5189081598E+01 -3.9307502863E-01 -3.0235421979E-01
1.5207950023E+01 -3.7863553700E-01 -2.9410053162E-01
1.5226818447E+01 -3.6414864646E-01 -2.8561223478E-01
1.5245686871E+01 -3.4962139409E-01 -2.7689174832E-01
1.5264555296E+01 -3.3506080695E-01 -2.6794163515E-01
1.5283423720E+01 -3.2047389838E-01 -2.5876460106E-01
1.5302292145E+01 -3.0586766431E-01 -2.4936349364E-01
1.5321160569E+01 -2.9124907957E-01 -2.3974130118E-01
1.5340028993E+01 -2.7662509429E-01 -2.2990115145E-01
1.5358897418E+01 -2.6200263023E-01 -2.1984631039E-01
1.5377765842E+01 -2.4738857717E-01 -2.0958018075E-01
1.5396634266E+01 -2.3278978937E-01 -1.9910630064E-01
1.5415502691E+01 -2.1821308196E-01 -1.8842834197E-01
1.5434371115E+01 -2.0366522745E-01 -1.7755010887E-01
1.5453239539E+01 -1.8915295221E-01 -1.6647553601E-01
1.5472107964E+01 -1.7468293301E-01 -1.5520868677E-01
1.5490976388E+01 -1.6026179358E-01 -1.4375375148E-01
1.5509844812E+01 -1.4589610121E-01 -1.3211504546E-01
1.5528713237E+01 -1.3159236339E-01 -1.2029700703E-01
1.5547581661E+01 -1.1735702451E-01 -1.0830419548E-01
1.5566450085E+01 -1.0319646253E-01 -9.6141288906E-02
1.5585318510E+01 -8.9116985784E-02 -8.3813082009E-02
1.5604186934E+01 -7.5124829765E-02 -7.1324483844E-02
1.5623055358E+01 -6.1226153979E-02 -5.8680515464E-02
1.5641923783E+01 -4.7427038846E-02 -4.5886307515E-02
1.5660792207E+01 -3.3733482648E-02 -3.2947097764E-02
1.5679660631E+01 -2.0151398527E-02 -1.9868228562E-02
1.5698529056E+01 -6.6866115393E-03 -6.6551442423E-03
1.5717397480E+01 6.6551442423E-03 6.6866115393E-03
1.5736265904E+01 1.9868228562E-02 2.0151398527E-02
1.5755134329E+01 3.2947097764E-02 3.3733482648E-02
1.5774002753E+01 4.5886307515E-02 4.7427038846E-02
1.5792871178E+01 5.8680515464E-02 6.1226153979E-02
1.5811739602E+01 7.1324483844E-02 7.5124829765E-02
1.5830608026E+01 8.3813082009E-02 8.9116985784E-02
1.5849476451E+01 9.6141288906E-02 1.0319646253E-01
1.5868344875E+01 1.0830419548E-01 1.1735702451E-01
1.5887213299E+01 1.2029700703E-01 1.3159236339E-01
1.5906081724E+01 1.3211504546E-01 1.4589610121E-01
1.5924950148E+01 1.4375375148E-01 1.6026179358E-01
1.5943818572E+01 1.5520868677E-01 1.7468293301E-01
1.5962686997E+01 1.6647553601E-01 1.8915295221E-01
1.5981555421E+01 1.7755010887E-01 2.0366522745E-01
1.6000423845E+01 1.8842834197E-01 2.1821308196E-01
1.6019292270E+01 1.9910630064E-01 2.3278978937E-01
1.6038160694E+01 2.0958018075E-01 2.4738857717E-01
1.6057029118E+01 2.1984631039E-01 2.6200263023E-01
1.6075897543E+01 2.2990115145E-01 2.7662509429E-01
1.6094765967E+01 2.3974130118E-01 2.9124907957E-01
1.6113634391E+01 2.4936349364E-01 3.0586766431E-01
1.6132502816E+01 2.5876460106E-01 3.2047389838E-01
1.6151371240E+01 2.6794163515E-01 3.3506080695E-01
1.6170239664E+01 2.7689174832E-01 3.4962139409E-01
1.6189108089E+01 2.8561223478E-01 3.6414864646E-01
1.6207976513E+01 2.9410053162E-01 3.7863553700E-01
1.6226844937E+01 3.0235421979E-01 3.9307502863E-01
1.6245713362E+01 3.1037102492E-01 4.0746007793E-01
1.6264581786E+01 3.1814881820E-01 4.2178363890E-01
1.6283450210E+01 3.2568561704E-01 4.3603866663E-01
1.6302318635E+01 3.3297958573E-01 4.5021812113E-01
1.6321187059E+01 3.4002903600E-01 4.6431497097E-01
1.6340055484E+01 3.4683242743E-01 4.7832219706E-01
1.6358923908E+01 3.5338836792E-01 4.9223279641E-01
1.6377792332E+01 3.5969561389E-01 5.0603978583E-01
1.6396660757E+01 3.6575307056E-01 5.1973620570E-01
1.6415529181E+01 3.7155979203E-01 5.3331512365E-01
1.6434397605E+01 3.7711498137E-01 5.4676963832E-01
1.6453266030E+01 3.8241799051E-01 5.6009288307E-01
1.6472134454E+01 3.8746832018E-01 5.7327802963E-01
1.6491002878E+01 3.9226561964E-01 5.8631829184E-01
1.6509871303E+01 3.9680968644E-01 5.9920692927E-01
1.6528739727E+01 4.0110046597E-01 6.1193725089E-01
1.6547608151E+01 4.0513805107E-01 6.2450261868E-01
1.6566476576E+01 4.0892268140E-01 6.3689645125E-01
1.6585345000E+01 4.1245474289E-01 6.4911222743E-01
1.6604213424E+01 4.1573476698E-01 6.6114348978E-01
1.6623081849E+01 4.1876342981E-01 6.7298384815E-01
1.6641950273E+01 4.2154155141E-01 6.8462698316E-01
1.6660818697E+01 4.2407009466E-01 6.9606664967E-01
1.6679687122E+01 4.2635016432E-01 7.0729668020E-01
1.6698555546E+01 4.2838300585E-01 7.1831098833E-01
1.6717423970E+01 4.3017000428E-01 7.2910357204E-01
1.6736292395E+01 4.3171268290E-01 7.3966851703E-01
1.6755160819E+01 4.3301270189E-01 7.5000000000E-01
1.6774029243E+01 4.3407185694E-01 7.6009229187E-01
1.6792897668E+01 4.3489207769E-01 7.6993976098E-01
1.6811766092E+01 4.3547542622E-01 7.7953687617E-01
1.6830634517E+01 4.3582409534E-01 7.8887820996E-01
1.6849502941E+01 4.3594040688E-01 7.9795844149E-01
1.6868371365E+01 4.3582680992E-01 8.0677235959E-01
1.6887239790E+01 4.3548587891E-01 8.1531486565E-01
1.6906108214E+01 4.3492031172E-01 8.2358097651E-01
1.6924976638E+01 4.3413292764E-01 8.3156582730E-01
1.6943845063E+01 4.3312666534E-01 8.3926467418E-01
1.6962713487E+01 4.3190458071E-01 8.4667289704E-01
1.6981581911E+01 4.3046984465E-01 8.5378600215E-01
1.7000450336E+01 4.2882574083E-01 8.6059962471E-01
1.7019318760E+01 4.2697566337E-01 8.6710953140E-01
1.7038187184E+01 4.2492311441E-01 8.7331162276E-01
1.7057055609E+01 4.2267170174E-01 8.7920193565E-01
1.7075924033E+01 4.2022513622E-01 8.8477664547E-01
1.7094792457E+01 4.1758722930E-01 8.9003206848E-01
1.7113660882E+01 4.1476189033E-01 8.9496466389E-01
1.7132529306E+01 4.1175312396E-01 8.9957103601E-01
1.7151397730E+01 4.0856502742E-01 9.0384793624E-01
1.7170266155E+01 4.0520178770E-01 9.0779226502E-01
1.7189134579E+01 4.0166767880E-01 9.1140107370E-01
1.7208003003E+01 3.9796705885E-01 9.1467156634E-01
1.7226871428E+01 3.9410436720E-01 9.1760110142E-01
1.7245739852E+01 3.9008412146E-01 9.2018719345E-01
1.7264608276E+01 3.8591091455E-01 9.2242751455E-01
1.7283476701E+01 3.8158941165E-01 9.2431989592E-01
1.7302345125E+01 3.7712434714E-01 9.2586232923E-01
1.7321213550E+01 3.7252052149E-01 9.2705296792E-01
1.7340081974E+01 3.6778279815E-01 9.2789012844E-01
1.7358950398E+01 3.6291610036E-01 9.2837229137E-01
1.7377818823E+01 3.5792540796E-01 9.2849810248E-01
1.7396687247E+01 3.5281575417E-01 9.2826637374E-01
1.7415555671E+01 3.4759222233E-01 9.2767608415E-01
1.7434424096E+01 3.4225994264E-01 9.2672638056E-01
1.7453292520E+01 3.3682408883E-01 9.2541657840E-01
1.7472160944E+01 3.3128987488E-01 9.2374616227E-01
1.7491029369E+01 3.2566255165E-01 9.2171478650E-01
1.7509897793E+01 3.1994740353E-01 9.1932227558E-01
1.7528766217E+01 3.1414974509E-01 9.1656862456E-01
1.7547634642E+01 3.0827491766E-01 9.1345399925E-01
1.7566503066E+01 3.0232828597E-01 9.0997873647E-01
1.7585371490E+01 2.9631523472E-01 9.0614334409E-01
1.7604239915E+01 2.9024116518E-01 9.0194850107E-01
1.7623108339E+01 2.8411149179E-01 8.9739505735E-01
1.7641976763E+01 2.7793163871E-01 8.9248403370E-01
1.7660845188E+01 2.7170703641E-01 8.8721662143E-01
1.7679713612E+01 2.6544311826E-01 8.8159418203E-01
1.7698582036E+01 2.5914531711E-01 8.7561824676E-01
1.7717450461E+01 2.5281906186E-01 8.6929051610E-01
1.7736318885E+01 2.4646977409E-01 8.6261285910E-01
1.7755187309E+01 2.4010286463E-01 8.5558731274E-01
1.7774055734E+01 2.3372373017E-01 8.4821608107E-01
1.7792924158E+01 2.2733774994E-01 8.4050153433E-01
1.7811792583E+01 2.2095028227E-01 8.3244620804E-01
1.7830661007E+01 2.1456666134E-01 8.2405280186E-01
1.7849529431E+01 2.0819219376E-01 8.1532417849E-01
1.7868397856E+01 2.0183215535E-01 8.0626336244E-01
1.7887266280E+01 1.9549178780E-01 7.9687353869E-01
1.7906134704E+01 1.8917629546E-01 7.8715805132E-01
1.7925003129E+01 1.8289084205E-01 7.7712040200E-01
1.7943871553E+01 1.7664054752E-01 7.6676424844E-01
1.7962739977E+01 1.7043048484E-01 7.5609340274E-01
1.7981608402E+01 1.6426567688E-01 7.4511182964E-01
1.8000476826E+01 1.5815109328E-01 7.3382364473E-01
1.8019345250E+01 1.5209164737E-01 7.2223311257E-01
1.8038213675E+01 1.4609219318E-01 7.1034464469E-01
1.8057082099E+01 1.4015752240E-01 6.9816279755E-01
1.8075950523E+01 1.3429236144E-01 6.8569227045E-01
1.8094818948E+01 1.2850136850E-01 6.7293790329E-01
1.8113687372E+01 1.2278913073E-01 6.5990467432E-01
1.8132555796E+01 1.1716016139E-01 6.4659769780E-01
1.8151424221E+01 1.1161889705E-01 6.3302222156E-01
1.8170292645E+01 1.0616969489E-01 6.1918362453E-01
1.8189161069E+01 1.0081683000E-01 6.0508741419E-01
1.8208029494E+01 9.5564492788E-02 5.9073922392E-01
1.8226897918E+01 9.0416786359E-02 5.7614481032E-01
1.8245766342E+01 8.5377724028E-02 5.6131005047E-01
1.8264634767E+01 8.0451226847E-02 5.4624093909E-01
1.8283503191E+01 7.5641121200E-02 5.3094358565E-01
1.8302371616E+01 7.0951136458E-02 5.1542421146E-01
1.8321240040E+01 6.6384902696E-02 4.9968914663E-01
1.8340108464E+01 6.1945948465E-02 4.8374482704E-01
1.8358976889E+01 5.7637698633E-02 4.6759779121E-01
1.8377845313E+01 5.3463472290E-02 4.5125467711E-01
1.8396713737E+01 4.9426480716E-02 4.3472221899E-01
1.8415582162E+01 4.5529825414E-02 4.1800724405E-01
1.8434450586E+01 4.1776496217E-02 4.0111666915E-01
1.8453319010E+01 3.8169369461E-02 3.8405749742E-01
1.8472187435E+01 3.4711206223E-02 3.6683681487E-01
1.8491055859E+01 3.1404650635E-02 3.4946178690E-01
1.8509924283E+01 2.8252228273E-02 3.3193965481E-01
1.8528792708E+01 2.5256344609E-02 3.1427773228E-01
1.8547661132E+01 2.2419283547E-02 2.9648340172E-01
1.8566529556E+01 1.9743206026E-02 2.7856411076E-01
1.8585397981E+01 1.7230148703E-02 2.6052736848E-01
1.8604266405E+01 1.4882022709E-02 2.4238074181E-01
1.8623134829E+01 1.2700612485E-02 2.2413185181E-01
1.8642003254E+01 1.0687574691E-02 2.0578836985E-01
1.8660871678E+01 8.8444371981E-03 1.8735801394E-01
1.8679740102E+01 7.1725981556E-03 1.6884854487E-01
1.8698608527E+01 5.6733251390E-03 1.5026776240E-01
1.8717476951E+01 4.3477543773E-03 1.3162350145E-01
1.8736345375E+01 3.1968900604E-03 1.1292362820E-01
1.8755213800E+01 2.2216037271E-03 9.4176036262E-02
1.8774082224E+01 1.4226337339E-03 7.5388642756E-02
1.8792950649E+01 8.0058480509E-04 5.6569384424E-02
1.8811819073E+01 3.5592766446E-04 3.7726213718E-02
1.8830687497E+01 8.8998748180E-05 1.8867094876E-02
1.8849555922E+01 1.3497838044E-31 7.3478807949E-16
