# This is the header of the file
0.30102 0.62384
0.86431 0.45820
0.45393 0.49190
0.42692 0.61706
0.30672 0.42703
0.31160 0.11310
0.63365 0.29473
0.80832 0.97828
0.74708 0.53607
0.96736 0.62059
0.04078 0.13958
0.33858 0.16809
0.65455 0.69707
0.62023 0.49955
0.14384 0.16786
0.09318 0.21547
0.92729 0.78153
0.60381 0.59449
0.00476 0.87655
0.80680 0.79444
0.76879 0.95467
0.56858 0.11336
0.32390 0.51902
0.11437 0.40864
0.05319 0.67726
0.88844 0.37800
0.54171 0.34613
0.71126 0.65718
0.60330 0.52793
0.02180 0.31366
0.35541 0.39451
0.97937 0.62003
0.56865 0.27885
0.45847 0.85292
0.41529 0.85581
0.02688 0.20230
0.32357 0.25749
0.35648 0.34202
0.65833 0.93595
0.06356 0.52252
0.00182 0.27407
0.91447 0.65163
0.48966 0.59561
0.61304 0.05468
0.05849 0.17972
0.94812 0.06058
0.01894 0.53176
0.39575 0.23586
0.45661 0.91505
0.60395 0.76479
