# This is the header of the file
0.52013 0.58838
0.97421 0.86968
0.32636 0.46422
0.15357 0.30238
0.04137 0.42932
0.81692 0.71604
0.55537 0.65984
0.54048 0.29060
0.19599 0.46572
0.99097 0.92701
0.34448 0.42427
0.17610 0.97068
0.13499 0.78447
0.62033 0.98510
0.17474 0.66958
0.69947 0.61388
0.64209 0.72489
0.93146 0.48503
0.06737 0.96253
0.20402 0.54688
0.61098 0.04747
0.68035 0.80084
0.15630 0.09170
0.38251 0.77376
0.42709 0.72582
0.10443 0.59883
0.05895 0.08682
0.58972 0.67773
0.85276 0.24415
0.41451 0.49272
0.95100 0.86498
0.33021 0.64959
0.32451 0.10333
0.46917 0.93602
0.74305 0.13698
0.23455 0.14948
0.23511 0.79493
0.94679 0.78089
0.23810 0.27451
0.36660 0.32691
0.29200 0.18444
0.51347 0.16699
0.08438 0.43287
0.98568 0.78938
0.59050 0.61187
0.37310 0.85800
0.62045 0.16336
0.73294 0.52809
0.05313 0.56590
0.09451 0.13143
