# This is the header of the file
0.25669 0.25488
0.18074 0.72411
0.87913 0.12645
0.73412 0.49652
0.77585 0.51578
0.78687 0.72508
0.81897 0.25375
0.56112 0.83921
0.46819 0.64269
0.72566 0.78533
0.61558 0.80752
0.35854 0.08991
0.27497 0.70616
0.32547 0.34062
0.77457 0.43039
0.44623 0.55722
0.22128 0.25898
0.96594 0.92910
0.46016 0.59624
0.54418 0.87356
0.23073 0.65564
0.03758 0.11315
0.12497 0.40848
0.84626 0.82250
0.82976 0.62987
0.58314 0.89659
0.28462 0.86779
0.58716 0.95513
0.92179 0.11476
0.91837 0.60417
0.27945 0.66280
0.66061 0.15811
0.61234 0.76276
0.71284 0.17120
0.69257 0.18271
0.48213 0.00729
0.95122 0.89787
0.62516 0.24431
0.05414 0.13194
0.64303 0.06712
0.03492 0.98487
0.31101 0.84016
0.25730 0.46975
0.77962 0.34940
0.60051 0.41221
0.74977 0.23952
0.71253 0.60567
0.97356 0.95379
0.26474 0.60065
0.74862 0.49836
