# Este es el encabezado
1.621 0.447
0.786 1.363
1.989 1.329
0.496 0.705
0.331 0.909
1.401 0.718
1.336 0.211
0.743 0.838
1.636 0.162
1.110 0.349
0.794 1.510
0.058 0.975
1.437 0.962
1.454 1.336
1.497 0.456
1.795 1.680
1.500 0.643
1.594 0.499
1.560 1.914
0.518 1.723
0.752 0.312
0.805 0.870
0.793 0.141
0.370 1.485
1.214 0.702
0.357 0.417
1.950 0.728
0.679 1.358
1.287 1.222
1.859 0.228
1.233 1.208
1.955 0.792
1.237 1.212
0.699 0.426
1.727 0.208
0.776 1.983
0.287 0.862
1.980 1.864
1.851 0.402
0.366 1.065
0.360 1.816
0.631 0.066
1.331 1.327
0.222 1.721
1.471 0.481
0.971 1.259
1.042 0.681
0.799 0.999
0.611 1.724
1.551 1.750
