0.000000000000000000e+00 1.790904077650780080e+00
1.000000000000000021e-03 -2.950966683468110752e+00
2.000000000000000042e-03 3.846494867420284347e+00
3.000000000000000062e-03 -1.196886838520854202e-01
4.000000000000000083e-03 -1.300577598013861191e-01
5.000000000000000104e-03 1.842624752142405509e+00
6.000000000000000125e-03 -2.836560319888699055e+00
7.000000000000000146e-03 -3.017064309732976568e+00
8.000000000000000167e-03 3.832154011735487309e+00
9.000000000000001055e-03 2.232967497453168360e+00
1.000000000000000021e-02 5.817772608565607850e-01
1.099999999999999936e-02 3.025711769773310245e+00
1.200000000000000025e-02 -1.694097528962053456e+00
1.300000000000000114e-02 3.625870764123362289e-01
1.400000000000000029e-02 -4.118809546419471168e+00
1.499999999999999944e-02 -3.130509626829147685e-02
1.600000000000000033e-02 -9.528855705183886249e-01
1.700000000000000122e-02 -9.948090972453096370e-01
1.800000000000000211e-02 9.368592228602882210e-01
1.899999999999999953e-02 -2.107197509820852854e-01
2.000000000000000042e-02 -2.602701529246972179e+00
2.100000000000000130e-02 3.018936980774370227e+00
2.199999999999999872e-02 -2.244650636213425088e+00
2.299999999999999961e-02 2.951522488504311759e-01
2.400000000000000050e-02 2.888730714149684520e+00
2.500000000000000139e-02 7.300195636391181964e+00
2.600000000000000228e-02 -1.104903390604316193e+00
2.699999999999999969e-02 5.308288837043944053e-01
2.800000000000000058e-02 -3.132310873820923991e+00
2.900000000000000147e-02 1.896811351082104968e+00
2.999999999999999889e-02 5.367977912968392440e-01
3.099999999999999978e-02 -2.660342994583912546e+00
3.200000000000000067e-02 -5.851699851590144164e+00
3.300000000000000155e-02 -2.984130156927507826e+00
3.400000000000000244e-02 4.237136429747158317e+00
3.500000000000000333e-02 3.960342828695293083e+00
3.600000000000000422e-02 -4.631607701681373257e+00
3.699999999999999817e-02 -1.409322904376435259e+00
3.799999999999999906e-02 -4.338130726590234687e+00
3.899999999999999994e-02 3.747128480031839182e+00
4.000000000000000083e-02 -9.020075007071431950e-01
4.100000000000000172e-02 1.922241189509132253e+00
4.200000000000000261e-02 -1.105699354577687199e+00
4.300000000000000350e-02 2.932838556586530476e+00
4.399999999999999745e-02 3.583860405565255647e+00
4.499999999999999833e-02 4.079630428378120399e+00
4.599999999999999922e-02 2.504548064565679688e+00
4.700000000000000011e-02 -2.833570797292487509e+00
4.800000000000000100e-02 -1.022321403754899993e-02
4.900000000000000189e-02 -5.936059230765604600e-01
5.000000000000000278e-02 9.132464152255187484e-01
5.100000000000000366e-02 -3.328359786150598132e-01
5.200000000000000455e-02 3.957794061205524905e+00
5.299999999999999850e-02 2.782182884085900643e+00
5.399999999999999939e-02 5.191167141587210487e+00
5.500000000000000028e-02 -3.012064379562715999e+00
5.600000000000000117e-02 5.278603900778617852e-01
5.700000000000000205e-02 -5.925009471509565806e-01
5.800000000000000294e-02 1.630775578981920049e-01
5.900000000000000383e-02 -2.098320705393684982e+00
5.999999999999999778e-02 -3.071481060621754189e+00
6.099999999999999867e-02 6.792734218088051223e-01
6.199999999999999956e-02 -4.261515467416479019e-01
6.300000000000000044e-02 3.619021273547842643e+00
6.400000000000000133e-02 -2.523689393656930680e+00
6.500000000000000222e-02 8.094421309732435788e-01
6.600000000000000311e-02 3.266227308373656157e+00
6.700000000000000400e-02 -1.739997291684674652e+00
6.800000000000000488e-02 1.290124918356046591e+00
6.900000000000000577e-02 -1.043749989095219988e+00
7.000000000000000666e-02 1.313209039536504363e+00
7.100000000000000755e-02 1.158298870678682535e+00
7.200000000000000844e-02 -3.894186273835418710e+00
7.299999999999999545e-02 -3.380549423365157846e-01
7.399999999999999634e-02 -2.318617812867458383e+00
7.499999999999999722e-02 -5.444198600667450094e+00
7.599999999999999811e-02 3.927870829376518547e-01
7.699999999999999900e-02 -6.203308029165531812e-01
7.799999999999999989e-02 2.456239073372537884e+00
7.900000000000000078e-02 -2.161613874638464328e+00
8.000000000000000167e-02 -2.983112661263016108e+00
8.100000000000000255e-02 1.462269775496444879e+00
8.200000000000000344e-02 2.175046778261566338e+00
8.300000000000000433e-02 -2.755254663678357030e-01
8.400000000000000522e-02 3.321368004957351960e+00
8.500000000000000611e-02 4.820006462874162345e+00
8.600000000000000699e-02 -1.145094783156923812e+00
8.700000000000000788e-02 6.975369321847160187e-01
8.799999999999999489e-02 2.061348892434469171e+00
8.899999999999999578e-02 2.787015480112231103e+00
8.999999999999999667e-02 5.718262904005486646e-01
9.099999999999999756e-02 -6.314511839352734413e+00
9.199999999999999845e-02 -4.987012611909098503e+00
9.299999999999999933e-02 1.089299252152756470e+00
9.400000000000000022e-02 3.273710742165262477e+00
9.500000000000000111e-02 3.222512708423293404e+00
9.600000000000000200e-02 1.962610463219446988e+00
9.700000000000000289e-02 -2.515343311194947695e+00
9.800000000000000377e-02 -2.308137935899546633e+00
9.900000000000000466e-02 -6.400959713200762291e-01
1.000000000000000056e-01 -3.887046264526920480e-01
1.010000000000000064e-01 2.114392064343678435e+00
1.020000000000000073e-01 2.178171914529751341e+00
1.030000000000000082e-01 -9.221829774903720356e-01
1.040000000000000091e-01 9.802944561137616475e-01
1.049999999999999961e-01 -8.076472908473921741e-01
1.059999999999999970e-01 -5.165152714387855504e+00
1.069999999999999979e-01 2.762718411852930878e+00
1.079999999999999988e-01 4.832400377457607199e+00
1.089999999999999997e-01 4.881975647051518763e+00
1.100000000000000006e-01 -1.749942673061710696e-02
1.110000000000000014e-01 -1.906635754515580539e+00
1.120000000000000023e-01 3.359625545485528164e+00
1.130000000000000032e-01 -1.182811840650323409e+00
1.140000000000000041e-01 -2.315950579722141356e+00
1.150000000000000050e-01 -2.527738056584003523e-01
1.160000000000000059e-01 -4.242066111875688605e-01
1.170000000000000068e-01 2.386982844411329463e+00
1.180000000000000077e-01 -2.534223529196029556e+00
1.190000000000000085e-01 4.181554410417873235e+00
1.199999999999999956e-01 4.063027053375201092e-02
1.209999999999999964e-01 -1.856400693828209381e+00
1.219999999999999973e-01 8.182942456830649691e-01
1.229999999999999982e-01 -1.511370073085464227e+00
1.239999999999999991e-01 -2.109407443793220871e-01
1.250000000000000000e-01 1.539449994263610844e+00
1.260000000000000009e-01 2.108056605076786383e+00
1.270000000000000018e-01 3.281615437666533630e+00
1.280000000000000027e-01 6.268508522742902933e+00
1.290000000000000036e-01 -5.519604156470022671e-01
1.300000000000000044e-01 -4.098442406992898746e-01
1.310000000000000053e-01 -3.721032587866034635e+00
1.320000000000000062e-01 -7.264355126106895044e-01
1.330000000000000071e-01 -3.775159488100154892e+00
1.340000000000000080e-01 -1.596507196708826015e+00
1.350000000000000089e-01 7.413484631106016798e-02
1.360000000000000098e-01 7.504227723515724535e-02
1.370000000000000107e-01 -2.587036753413309409e+00
1.380000000000000115e-01 -2.457095321291037582e+00
1.390000000000000124e-01 3.082187095737406235e+00
1.400000000000000133e-01 -3.869513526899224232e+00
1.410000000000000142e-01 -2.162462580232316078e+00
1.420000000000000151e-01 -2.147000651595967646e+00
1.430000000000000160e-01 3.290616894523595182e+00
1.440000000000000169e-01 -1.638145952878682365e+00
1.449999999999999900e-01 -4.373080829875020115e-01
1.459999999999999909e-01 -2.107998101206962183e+00
1.469999999999999918e-01 -9.103823665484483962e-01
1.479999999999999927e-01 1.679045377729279753e+00
1.489999999999999936e-01 2.305328722318880530e+00
1.499999999999999944e-01 -3.624840437796134296e+00
1.509999999999999953e-01 -5.591335766487460113e+00
1.519999999999999962e-01 2.262248258404128798e+00
1.529999999999999971e-01 -4.300202001967123877e-01
1.539999999999999980e-01 -5.924946315717486423e-01
1.549999999999999989e-01 -5.809688869454824989e+00
1.559999999999999998e-01 -4.195312236229801428e+00
1.570000000000000007e-01 -2.337127103557032015e+00
1.580000000000000016e-01 7.466320224670655037e-01
1.590000000000000024e-01 1.441324959432224384e+00
1.600000000000000033e-01 3.410533011934587577e+00
1.610000000000000042e-01 1.951512831477666410e-01
1.620000000000000051e-01 -1.447499923463175575e+00
1.630000000000000060e-01 3.229108113659275858e+00
1.640000000000000069e-01 -2.489332709739343397e+00
1.650000000000000078e-01 3.687201662264514290e-01
1.660000000000000087e-01 -1.254764899497735176e+00
1.670000000000000095e-01 5.966909219873044457e-01
1.680000000000000104e-01 1.946163740863479763e+00
1.690000000000000113e-01 4.771891944247331097e+00
1.700000000000000122e-01 -2.976530825257069912e-01
1.710000000000000131e-01 -4.935915423681427328e+00
1.720000000000000140e-01 -2.588442575089160425e+00
1.730000000000000149e-01 -4.645783614706495701e-01
1.740000000000000158e-01 -1.342256447990369583e+00
1.750000000000000167e-01 7.125156368703120524e-01
1.759999999999999898e-01 -2.711707026251968244e+00
1.769999999999999907e-01 2.729074060047980588e+00
1.779999999999999916e-01 2.659630489174283241e+00
1.789999999999999925e-01 -6.144068840415528587e-01
1.799999999999999933e-01 -1.414488201903880249e+00
1.809999999999999942e-01 8.290125248430129101e-01
1.819999999999999951e-01 -7.766693460592121845e+00
1.829999999999999960e-01 3.989947120952001547e-01
1.839999999999999969e-01 2.789550828184170328e+00
1.849999999999999978e-01 4.202912449079640567e+00
1.859999999999999987e-01 5.956612574251636261e-01
1.869999999999999996e-01 1.721819575639716771e+00
1.880000000000000004e-01 -6.093872972185501169e-01
1.890000000000000013e-01 1.861690507517924642e-01
1.900000000000000022e-01 -1.625180654540327563e+00
1.910000000000000031e-01 7.144025974921479616e-01
1.920000000000000040e-01 2.305225485676764663e+00
1.930000000000000049e-01 1.301768918748666515e+00
1.940000000000000058e-01 -9.577253427388618956e-01
1.950000000000000067e-01 -4.890104998117903889e+00
1.960000000000000075e-01 2.707245867797066996e+00
1.970000000000000084e-01 1.341804577396327636e+00
1.980000000000000093e-01 -3.927452890287947973e+00
1.990000000000000102e-01 -4.951250600779055766e+00
2.000000000000000111e-01 1.359209458905323298e-01
2.010000000000000120e-01 1.013763671878165518e+00
2.020000000000000129e-01 3.598757981006678541e+00
2.030000000000000138e-01 -4.876029219402275849e-01
2.040000000000000147e-01 7.797742412283810154e-01
2.050000000000000155e-01 3.209683247702678877e+00
2.060000000000000164e-01 -1.553193524161522454e+00
2.070000000000000173e-01 3.834939357444314467e+00
2.080000000000000182e-01 1.996132232128783546e+00
2.089999999999999913e-01 1.854903108130373734e+00
2.099999999999999922e-01 3.340545846896413318e-01
2.109999999999999931e-01 -3.693107459709144003e-02
2.119999999999999940e-01 5.129374515692142200e-01
2.129999999999999949e-01 -1.580288127189790615e-01
2.139999999999999958e-01 1.948675320393569166e-01
2.149999999999999967e-01 -1.751377355183005413e+00
2.159999999999999976e-01 2.861629515721013650e-01
2.169999999999999984e-01 -3.965666856362720871e+00
2.179999999999999993e-01 3.301724139287422588e+00
2.190000000000000002e-01 -1.881835082994979924e+00
2.200000000000000011e-01 6.707241287974509136e-01
2.210000000000000020e-01 6.699921454012306432e-01
2.220000000000000029e-01 1.920025483812107581e+00
2.230000000000000038e-01 -4.107006912057061143e+00
2.240000000000000047e-01 1.222722938685550709e+00
2.250000000000000056e-01 3.474821351854359364e+00
2.260000000000000064e-01 2.689033744386186697e+00
2.270000000000000073e-01 2.721541718838381474e+00
2.280000000000000082e-01 4.295502928494933315e+00
2.290000000000000091e-01 -2.645078162011727851e+00
2.300000000000000100e-01 4.280921308918705925e-01
2.310000000000000109e-01 -2.303851064026029682e+00
2.320000000000000118e-01 -3.174738038954060038e+00
2.330000000000000127e-01 1.814017254638468968e+00
2.340000000000000135e-01 -5.977329542369623772e-01
2.350000000000000144e-01 5.191874825912767832e+00
2.360000000000000153e-01 3.836526156948555366e-01
2.370000000000000162e-01 -1.106738554151484477e+00
2.380000000000000171e-01 1.323569726878641717e+00
2.390000000000000180e-01 9.778778903133744649e-02
2.399999999999999911e-01 -4.601680119678329128e-01
2.409999999999999920e-01 -5.093582146681405298e+00
2.419999999999999929e-01 4.853062604283845394e-01
2.429999999999999938e-01 4.003416039865683729e+00
2.439999999999999947e-01 6.222907916307057974e+00
2.449999999999999956e-01 8.359188375491048983e-01
2.459999999999999964e-01 8.586672437401823288e+00
2.469999999999999973e-01 -8.858472003390817084e-01
2.479999999999999982e-01 -1.310107860166805915e-01
2.489999999999999991e-01 -2.495145193953512752e+00
2.500000000000000000e-01 -2.502218351769053828e-01
2.510000000000000009e-01 -4.671763567527253969e+00
2.520000000000000018e-01 7.475445954780786106e-01
2.530000000000000027e-01 2.524189449560580112e+00
2.540000000000000036e-01 -2.934935817935507174e+00
2.550000000000000044e-01 -5.043556886750377721e-01
2.560000000000000053e-01 -5.181662316133225588e+00
2.570000000000000062e-01 -3.055851310132058796e+00
2.580000000000000071e-01 2.723540560419198453e+00
2.590000000000000080e-01 4.687646666025058195e+00
2.600000000000000089e-01 8.620007544806945754e-01
2.610000000000000098e-01 2.119002123564309947e+00
2.620000000000000107e-01 2.236412503665289542e+00
2.630000000000000115e-01 3.198291962826210533e+00
2.640000000000000124e-01 2.909512840993691007e+00
2.650000000000000133e-01 2.846414114524260519e+00
2.660000000000000142e-01 -1.192655313005830386e-03
2.670000000000000151e-01 -1.979986494852417733e+00
2.680000000000000160e-01 4.177644526665139857e+00
2.690000000000000169e-01 4.213331672027900154e-01
2.700000000000000178e-01 2.968171650031927733e+00
2.710000000000000187e-01 -3.317496280005793441e+00
2.720000000000000195e-01 -2.310930442478992486e+00
2.730000000000000204e-01 -2.379838123971484976e+00
2.740000000000000213e-01 3.178689483697958451e-01
2.750000000000000222e-01 1.929565828304821817e+00
2.760000000000000231e-01 -2.277443343940135811e+00
2.770000000000000240e-01 2.447587631074086723e+00
2.780000000000000249e-01 -3.633252134364775010e+00
2.790000000000000258e-01 -4.821298582203017435e-01
2.800000000000000266e-01 1.126577927858283701e+00
2.810000000000000275e-01 -1.282007631970731865e-01
2.820000000000000284e-01 -2.336308485800661305e+00
2.830000000000000293e-01 2.078935699053166886e+00
2.840000000000000302e-01 2.380432109907942628e+00
2.850000000000000311e-01 1.359567915501021407e+00
2.860000000000000320e-01 1.867935873962108362e+00
2.870000000000000329e-01 5.935566735198696264e+00
2.880000000000000338e-01 1.971417157478447257e-02
2.889999999999999791e-01 -2.721546960996882980e+00
2.899999999999999800e-01 -3.292005018832969476e+00
2.909999999999999809e-01 -5.539264059744107627e+00
2.919999999999999818e-01 1.771769384834543271e+00
2.929999999999999827e-01 -1.567531561871595258e+00
2.939999999999999836e-01 -1.731766187571269100e+00
2.949999999999999845e-01 -7.518018050293209242e-01
2.959999999999999853e-01 -3.659885319927845604e+00
2.969999999999999862e-01 -1.525579082980381695e-01
2.979999999999999871e-01 -4.970517735299326390e+00
2.989999999999999880e-01 -3.035093449135091603e+00
2.999999999999999889e-01 1.201350908806952389e-01
3.009999999999999898e-01 -2.634903051819203590e+00
3.019999999999999907e-01 6.035978296593207393e-01
3.029999999999999916e-01 5.021949798904778106e+00
3.039999999999999925e-01 1.747362744016812908e+00
3.049999999999999933e-01 -4.038170758139759897e+00
3.059999999999999942e-01 -3.248720295470576502e+00
3.069999999999999951e-01 -8.287448124347074341e-01
3.079999999999999960e-01 4.463417899100559083e+00
3.089999999999999969e-01 8.226677398593689183e-01
3.099999999999999978e-01 -1.170819073751578010e+00
3.109999999999999987e-01 -4.967914352995935090e+00
3.119999999999999996e-01 -9.236776825446224581e-02
3.130000000000000004e-01 -2.606349013379196222e+00
3.140000000000000013e-01 1.941004617132151111e+00
3.150000000000000022e-01 -3.954011938583571695e+00
3.160000000000000031e-01 2.763130548972022815e+00
3.170000000000000040e-01 9.720493434431701774e-01
3.180000000000000049e-01 6.489901280889551760e-01
3.190000000000000058e-01 -4.085671419310845209e+00
3.200000000000000067e-01 1.120762895218770705e+00
3.210000000000000075e-01 7.412259237070218942e-01
3.220000000000000084e-01 -9.239766259560814321e-01
3.230000000000000093e-01 1.411085249352573845e+00
3.240000000000000102e-01 9.655839160913463060e-01
3.250000000000000111e-01 1.755087787548676115e+00
3.260000000000000120e-01 -9.409424631890299651e-01
3.270000000000000129e-01 3.658353986010776993e+00
3.280000000000000138e-01 4.576807008668651200e+00
3.290000000000000147e-01 1.082350607676367149e+00
3.300000000000000155e-01 -7.636818900510642383e-01
3.310000000000000164e-01 -5.791426150524690009e+00
3.320000000000000173e-01 -3.924882503622764141e+00
3.330000000000000182e-01 1.500178581895045937e+00
3.340000000000000191e-01 -1.278337767654951440e+00
3.350000000000000200e-01 1.283097004272516273e+00
3.360000000000000209e-01 3.083633132776260943e+00
3.370000000000000218e-01 9.152477570281574160e-01
3.380000000000000226e-01 -6.651953116362998575e-01
3.390000000000000235e-01 1.348492408622605332e+00
3.400000000000000244e-01 -8.141367531074137354e-01
3.410000000000000253e-01 -1.851420802694942580e+00
3.420000000000000262e-01 8.688986782179705104e-01
3.430000000000000271e-01 1.211713193281855894e+00
3.440000000000000280e-01 1.908200022788833161e+00
3.450000000000000289e-01 1.528093926164151295e+00
3.460000000000000298e-01 -1.213698767898585551e-01
3.470000000000000306e-01 7.292492168179336431e-01
3.480000000000000315e-01 1.647730835050796205e+00
3.490000000000000324e-01 9.955313151943712136e-01
3.500000000000000333e-01 4.107102365856876602e+00
3.510000000000000342e-01 -1.599405460898719822e+00
3.519999999999999796e-01 -1.564628432494152399e+00
3.529999999999999805e-01 2.053640860097191378e+00
3.539999999999999813e-01 1.682729295863530705e+00
3.549999999999999822e-01 -4.899570619201627508e+00
3.559999999999999831e-01 -2.077617695956061272e+00
3.569999999999999840e-01 -2.703986853009729074e+00
3.579999999999999849e-01 -3.118180965028348517e+00
3.589999999999999858e-01 7.036454713165815056e-01
3.599999999999999867e-01 -5.553406726191594256e-01
3.609999999999999876e-01 3.009109673496828119e-01
3.619999999999999885e-01 3.002568008611798955e+00
3.629999999999999893e-01 3.791507064909162228e+00
3.639999999999999902e-01 -2.735824872459654777e+00
3.649999999999999911e-01 3.836740632578039545e-01
3.659999999999999920e-01 4.049663096850261823e+00
3.669999999999999929e-01 -2.052712259974170728e+00
3.679999999999999938e-01 3.381817041172982652e+00
3.689999999999999947e-01 -1.883379083283109878e-02
3.699999999999999956e-01 5.531452196925714659e+00
3.709999999999999964e-01 -5.462195368227477310e+00
3.719999999999999973e-01 2.878903475985720828e+00
3.729999999999999982e-01 -1.852288183010182943e+00
3.739999999999999991e-01 9.763473507560469500e-01
3.750000000000000000e-01 6.305322921226954591e-01
3.760000000000000009e-01 -1.371162249770123687e+00
3.770000000000000018e-01 -9.870673469634569930e-01
3.780000000000000027e-01 6.274501572758164891e-02
3.790000000000000036e-01 -7.986158038930629699e-03
3.800000000000000044e-01 3.324205276268301645e+00
3.810000000000000053e-01 3.541260785028343960e+00
3.820000000000000062e-01 -1.794986789660903082e+00
3.830000000000000071e-01 -1.691265243556009823e+00
3.840000000000000080e-01 2.932155744738643932e+00
3.850000000000000089e-01 1.998033295144448385e+00
3.860000000000000098e-01 -4.064735433170636014e+00
3.870000000000000107e-01 -2.413926729453697462e+00
3.880000000000000115e-01 -2.447169195281544418e-01
3.890000000000000124e-01 -1.798072637699285492e+00
3.900000000000000133e-01 -2.207275998050210131e+00
3.910000000000000142e-01 -7.844720557558763074e-01
3.920000000000000151e-01 2.612462391980876042e+00
3.930000000000000160e-01 2.202444734481783239e+00
3.940000000000000169e-01 -1.968068410161355253e+00
3.950000000000000178e-01 7.838693637786731117e-01
3.960000000000000187e-01 -4.449673017828330579e+00
3.970000000000000195e-01 4.763522154705668310e-01
3.980000000000000204e-01 1.051569923253747874e-01
3.990000000000000213e-01 -5.242564342666393706e+00
4.000000000000000222e-01 6.140367510612136925e-01
4.010000000000000231e-01 -5.153864095285056734e-01
4.020000000000000240e-01 1.923522903082247382e+00
4.030000000000000249e-01 1.477868202636492878e+00
4.040000000000000258e-01 -9.644656614109541337e-01
4.050000000000000266e-01 -3.168916734064425533e+00
4.060000000000000275e-01 2.706878633985525973e+00
4.070000000000000284e-01 -1.045488749717411903e+00
4.080000000000000293e-01 -3.546700542980248949e-01
4.090000000000000302e-01 -6.872736897430137271e-01
4.100000000000000311e-01 -7.230818455097354214e-02
4.110000000000000320e-01 4.249886546391719477e+00
4.120000000000000329e-01 5.012575022372864453e+00
4.130000000000000338e-01 -2.864215937726021011e+00
4.140000000000000346e-01 -1.543784147959588404e+00
4.150000000000000355e-01 -1.710079646076740900e-01
4.160000000000000364e-01 5.770539081206617738e+00
4.169999999999999818e-01 6.367494949880009969e+00
4.179999999999999827e-01 1.034633029366619716e+00
4.189999999999999836e-01 2.053881366133969433e-02
4.199999999999999845e-01 -5.937018328466662220e-01
4.209999999999999853e-01 2.463929098634239256e+00
4.219999999999999862e-01 5.892138104306149371e-02
4.229999999999999871e-01 -8.033408353075438768e+00
4.239999999999999880e-01 2.833183926911229111e-01
4.249999999999999889e-01 1.141132256440241077e+00
4.259999999999999898e-01 2.673634315341099299e+00
4.269999999999999907e-01 5.778694364071792933e+00
4.279999999999999916e-01 6.225004595347809477e-01
4.289999999999999925e-01 -6.044167601059343697e-01
4.299999999999999933e-01 -9.144825322474712248e-01
4.309999999999999942e-01 -6.667136706914206234e-01
4.319999999999999951e-01 1.090368417825249736e+00
4.329999999999999960e-01 3.561417360622389783e+00
4.339999999999999969e-01 -3.000732512420750675e-01
4.349999999999999978e-01 1.497299927664334174e+00
4.359999999999999987e-01 -1.562041057150487688e+00
4.369999999999999996e-01 -2.828619728320629800e+00
4.380000000000000004e-01 -5.293155591127934878e-01
4.390000000000000013e-01 -2.706166568040413445e-01
4.400000000000000022e-01 1.230672811124620125e-01
4.410000000000000031e-01 -1.512211182665154752e+00
4.420000000000000040e-01 1.300589210694634623e+00
4.430000000000000049e-01 1.087398973310122585e+00
4.440000000000000058e-01 1.316241296096323232e-01
4.450000000000000067e-01 7.196813847251687157e+00
4.460000000000000075e-01 4.018524039762832345e+00
4.470000000000000084e-01 -1.128083415670522616e+00
4.480000000000000093e-01 1.925742387526379940e+00
4.490000000000000102e-01 1.535903986284727241e+00
4.500000000000000111e-01 -4.639663093228205248e+00
4.510000000000000120e-01 -2.072616963032722914e+00
4.520000000000000129e-01 -1.051307895601923725e+00
4.530000000000000138e-01 -3.912338922213259851e-01
4.540000000000000147e-01 2.026707412841395772e+00
4.550000000000000155e-01 -4.221985068645221162e+00
4.560000000000000164e-01 -4.619300150995291787e+00
4.570000000000000173e-01 -4.668076348909101725e+00
4.580000000000000182e-01 -1.854947921964545055e+00
4.590000000000000191e-01 5.091092631510342414e+00
4.600000000000000200e-01 -4.210106162615487868e-01
4.610000000000000209e-01 2.548842862403619236e+00
4.620000000000000218e-01 -1.921010797978957463e+00
4.630000000000000226e-01 -9.621047134952720459e-01
4.640000000000000235e-01 -3.947264830987112116e+00
4.650000000000000244e-01 -1.180147829134087889e+00
4.660000000000000253e-01 -1.686032847144253610e+00
4.670000000000000262e-01 -3.943312900276180866e+00
4.680000000000000271e-01 1.788713889301301041e+00
4.690000000000000280e-01 1.995381130226530075e-01
4.700000000000000289e-01 -8.435787353659726096e-01
4.710000000000000298e-01 -1.637806906499223114e+00
4.720000000000000306e-01 4.548438347907888257e+00
4.730000000000000315e-01 -1.261963375113205110e+00
4.740000000000000324e-01 -4.121760881573990787e+00
4.750000000000000333e-01 -2.451461094261913054e+00
4.760000000000000342e-01 2.484202028213877700e+00
4.770000000000000351e-01 5.532835316418341920e-01
4.780000000000000360e-01 -6.770911336833229655e-01
4.790000000000000369e-01 -4.511239141199092084e-01
4.799999999999999822e-01 1.313180978376105479e+00
4.809999999999999831e-01 1.664332150243008623e+00
4.819999999999999840e-01 4.792416122628885056e+00
4.829999999999999849e-01 -2.642324151917726294e+00
4.839999999999999858e-01 -2.609280367393427280e+00
4.849999999999999867e-01 2.220513034053306356e+00
4.859999999999999876e-01 1.811615215635772991e+00
4.869999999999999885e-01 -5.037800577955144909e-01
4.879999999999999893e-01 -3.200778464342397100e+00
4.889999999999999902e-01 -2.007852699230855409e-01
4.899999999999999911e-01 -6.105384142939038750e-01
4.909999999999999920e-01 -1.653988474181638635e+00
4.919999999999999929e-01 5.205092360691954134e+00
4.929999999999999938e-01 -1.550773266067783318e+00
4.939999999999999947e-01 -2.071628462344282440e+00
4.949999999999999956e-01 2.852177458847584113e+00
4.959999999999999964e-01 -3.451294043819194801e+00
4.969999999999999973e-01 -1.160375266504731773e-01
4.979999999999999982e-01 -5.166613613098816948e+00
4.989999999999999991e-01 -1.966457229421253672e+00
5.000000000000000000e-01 -1.618419050030203810e+00
5.010000000000000009e-01 2.710139204866626628e+00
5.020000000000000018e-01 2.095612230392182695e+00
5.030000000000000027e-01 6.247831898710555443e+00
5.040000000000000036e-01 -1.391495020723060527e+00
5.050000000000000044e-01 3.558298270744364444e+00
5.060000000000000053e-01 3.113036598290399581e+00
5.070000000000000062e-01 -2.345760618207016202e-01
5.080000000000000071e-01 5.289656249952231271e+00
5.090000000000000080e-01 3.244674249199006155e+00
5.100000000000000089e-01 6.809496260346955543e-01
5.110000000000000098e-01 2.796181427472195224e+00
5.120000000000000107e-01 6.392229220126507405e-01
5.130000000000000115e-01 -3.090994271178811204e+00
5.140000000000000124e-01 1.419415742438909778e+00
5.150000000000000133e-01 -3.615315028711218126e+00
5.160000000000000142e-01 -4.245456000386054640e+00
5.170000000000000151e-01 1.748780628982967711e+00
5.180000000000000160e-01 4.351833147532346846e-02
5.190000000000000169e-01 -1.483983061463335362e-01
5.200000000000000178e-01 1.110796714326411028e+00
5.210000000000000187e-01 7.614834813335267238e-01
5.220000000000000195e-01 3.484416030001116660e+00
5.230000000000000204e-01 1.864007185226459473e+00
5.240000000000000213e-01 3.616044916648174290e+00
5.250000000000000222e-01 -2.079987754647453002e+00
5.260000000000000231e-01 -1.394086716730511100e+00
5.270000000000000240e-01 7.658666610237876426e+00
5.280000000000000249e-01 5.886586021026861459e+00
5.290000000000000258e-01 3.252214593164009848e+00
5.300000000000000266e-01 1.755738960475606181e+00
5.310000000000000275e-01 -1.660570293594824998e+00
5.320000000000000284e-01 4.493618165555401944e-02
5.330000000000000293e-01 -1.056351794728739080e+00
5.340000000000000302e-01 -1.431021827779847877e+00
5.350000000000000311e-01 -2.681452196686434641e-01
5.360000000000000320e-01 -4.207573911870696293e+00
5.370000000000000329e-01 1.954973001095316576e+00
5.380000000000000338e-01 -8.773797315712148492e-01
5.390000000000000346e-01 -2.841742837836367386e+00
5.400000000000000355e-01 3.591562073747861739e+00
5.410000000000000364e-01 -1.050418594357109381e+00
5.420000000000000373e-01 -1.982620991437747282e+00
5.430000000000000382e-01 3.924673884500320842e+00
5.440000000000000391e-01 -5.168758887834236759e+00
5.450000000000000400e-01 5.067387220483430266e-01
5.460000000000000409e-01 -3.301037736063260342e-01
5.470000000000000417e-01 4.734131389972597859e+00
5.480000000000000426e-01 -2.043440576235878048e+00
5.490000000000000435e-01 -4.625956715067477631e+00
5.500000000000000444e-01 -4.364144002446726844e+00
5.510000000000000453e-01 1.913794812497199516e+00
5.520000000000000462e-01 -3.947232315968348670e-01
5.530000000000000471e-01 3.041174698792325160e+00
5.540000000000000480e-01 -7.178092220922049904e-01
5.550000000000000488e-01 -3.291345898763825328e+00
5.560000000000000497e-01 -5.224929621345527408e+00
5.570000000000000506e-01 -2.615193065876702416e+00
5.580000000000000515e-01 -2.602201914040453534e+00
5.590000000000000524e-01 5.717479320649628827e-01
5.600000000000000533e-01 5.353523166075863315e+00
5.610000000000000542e-01 5.382137464427509954e+00
5.620000000000000551e-01 3.271331721391855574e+00
5.630000000000000560e-01 7.118832629712980031e-01
5.640000000000000568e-01 -1.038378955200523590e+00
5.650000000000000577e-01 4.553906643695598611e+00
5.660000000000000586e-01 -2.075612321673060201e+00
5.670000000000000595e-01 -8.444841572025096887e-02
5.680000000000000604e-01 -1.434831833619090169e-01
5.690000000000000613e-01 1.109827728536892710e+00
5.700000000000000622e-01 -2.312470545536384758e+00
5.710000000000000631e-01 -1.773200652107347342e+00
5.720000000000000639e-01 2.952578854232233319e+00
5.730000000000000648e-01 -5.443786305134095116e-01
5.740000000000000657e-01 4.097562925159724756e+00
5.750000000000000666e-01 -2.513973932346280193e+00
5.760000000000000675e-01 3.802569489015182658e+00
5.769999999999999574e-01 1.588851861702312851e+00
5.779999999999999583e-01 2.205794129278532800e+00
5.789999999999999591e-01 2.101092468686348358e+00
5.799999999999999600e-01 1.690383288346642310e+00
5.809999999999999609e-01 -5.029796730085005052e+00
5.819999999999999618e-01 2.717939041732579941e+00
5.829999999999999627e-01 1.051002558179477964e+00
5.839999999999999636e-01 3.530761021717605530e-01
5.849999999999999645e-01 1.995059839684830694e+00
5.859999999999999654e-01 1.044808963384484590e+00
5.869999999999999662e-01 -1.007336647271195318e+00
5.879999999999999671e-01 -2.162500161576324409e+00
5.889999999999999680e-01 4.987801530055289145e-01
5.899999999999999689e-01 -7.326245074079633213e+00
5.909999999999999698e-01 -3.004040963159491984e+00
5.919999999999999707e-01 -3.486854832547021665e+00
5.929999999999999716e-01 -4.639264319473738185e-01
5.939999999999999725e-01 3.454876523070451899e+00
5.949999999999999734e-01 3.288414969352620787e+00
5.959999999999999742e-01 -5.458312578261299564e+00
5.969999999999999751e-01 -2.695558165132251993e+00
5.979999999999999760e-01 -6.732202437142699836e+00
5.989999999999999769e-01 2.245127996459044706e+00
5.999999999999999778e-01 1.565824416995472479e+00
6.009999999999999787e-01 2.704190958197689731e+00
6.019999999999999796e-01 -2.331715782157628425e-02
6.029999999999999805e-01 -7.649040838266540909e-01
6.039999999999999813e-01 3.877619148934153159e+00
6.049999999999999822e-01 9.529110204016718599e-01
6.059999999999999831e-01 2.388809587049824046e+00
6.069999999999999840e-01 -4.450420210380983121e+00
6.079999999999999849e-01 -2.892090625106125579e+00
6.089999999999999858e-01 2.295043046778503459e+00
6.099999999999999867e-01 -2.679250772251515311e+00
6.109999999999999876e-01 -3.072925587143708448e+00
6.119999999999999885e-01 1.351310867191368725e+00
6.129999999999999893e-01 -6.951964540681378146e+00
6.139999999999999902e-01 6.974019081871578596e-01
6.149999999999999911e-01 -5.062783457588588831e+00
6.159999999999999920e-01 -2.359669147970594238e+00
6.169999999999999929e-01 -7.469165820360712527e-02
6.179999999999999938e-01 -3.508650231438576128e+00
6.189999999999999947e-01 -5.449534563570990642e+00
6.199999999999999956e-01 5.738891749964235567e-01
6.209999999999999964e-01 3.245376786384846501e-01
6.219999999999999973e-01 4.745391450898702068e+00
6.229999999999999982e-01 -7.163921580803420674e-01
6.239999999999999991e-01 -1.345621851476177078e+00
6.250000000000000000e-01 6.040683024468904705e-01
6.260000000000000009e-01 1.545983952349189394e+00
6.270000000000000018e-01 3.433026648338054265e+00
6.280000000000000027e-01 4.604062627935145535e+00
6.290000000000000036e-01 1.572874687396578874e+00
6.300000000000000044e-01 -1.543488343501341342e+00
6.310000000000000053e-01 -5.761059332323877236e+00
6.320000000000000062e-01 -4.359914813140510326e+00
6.330000000000000071e-01 -6.559924852665246497e-01
6.340000000000000080e-01 3.734529583853797297e-01
6.350000000000000089e-01 3.878342914998560431e+00
6.360000000000000098e-01 -7.827171790851814581e-01
6.370000000000000107e-01 -4.971516853406307668e+00
6.380000000000000115e-01 1.706575747056592318e+00
6.390000000000000124e-01 -3.632672874787119977e+00
6.400000000000000133e-01 1.993957200194517387e+00
6.410000000000000142e-01 2.867872267994092006e+00
6.420000000000000151e-01 1.826770108287566252e+00
6.430000000000000160e-01 -2.103901311227449611e+00
6.440000000000000169e-01 6.545816519056772975e-01
6.450000000000000178e-01 -1.734236752159863837e+00
6.460000000000000187e-01 1.944186078704204901e+00
6.470000000000000195e-01 4.523857020230624748e+00
6.480000000000000204e-01 -2.584114527353132407e-01
6.490000000000000213e-01 -1.124635170927191119e+00
6.500000000000000222e-01 2.147616965391564214e+00
6.510000000000000231e-01 4.280150343147933967e+00
6.520000000000000240e-01 3.371559352714140978e+00
6.530000000000000249e-01 -1.045656598608827981e+00
6.540000000000000258e-01 -7.425276813360096595e-01
6.550000000000000266e-01 -2.535885723898949173e+00
6.560000000000000275e-01 -6.485399227179926562e-01
6.570000000000000284e-01 -1.104096591171670028e+00
6.580000000000000293e-01 6.130232475492312094e-01
6.590000000000000302e-01 3.322825371486591184e+00
6.600000000000000311e-01 3.692226060915070551e+00
6.610000000000000320e-01 4.590024333340522844e+00
6.620000000000000329e-01 1.507666113597807112e+00
6.630000000000000338e-01 1.861743133014544860e+00
6.640000000000000346e-01 -3.456275393289078846e+00
6.650000000000000355e-01 4.291740736506576503e+00
6.660000000000000364e-01 -2.375024404980830006e+00
6.670000000000000373e-01 1.184396233356537209e+00
6.680000000000000382e-01 -3.350465691214324693e+00
6.690000000000000391e-01 1.947842464025963061e+00
6.700000000000000400e-01 -5.659628650016486073e-01
6.710000000000000409e-01 1.239778125045787549e+00
6.720000000000000417e-01 -1.149645530907012381e+00
6.730000000000000426e-01 -2.387852202066429452e+00
6.740000000000000435e-01 -3.734464957058791779e+00
6.750000000000000444e-01 3.080504452590757669e-01
6.760000000000000453e-01 1.596921256278680090e+00
6.770000000000000462e-01 -2.335754947149802363e-01
6.780000000000000471e-01 3.354164421623489378e+00
6.790000000000000480e-01 7.327148368099666298e-01
6.800000000000000488e-01 -6.714557278307851540e+00
6.810000000000000497e-01 -5.554277507317383566e+00
6.820000000000000506e-01 -2.105163253822674552e+00
6.830000000000000515e-01 -4.002635260826314934e-01
6.840000000000000524e-01 2.640731981899651082e+00
6.850000000000000533e-01 3.899739361413226746e+00
6.860000000000000542e-01 -3.683079936159445733e-01
6.870000000000000551e-01 -1.569219151116278077e+00
6.880000000000000560e-01 -9.141720137372220112e-01
6.890000000000000568e-01 9.780928186776728372e-01
6.900000000000000577e-01 -7.047870878179334220e-01
6.910000000000000586e-01 -3.442514991482944708e+00
6.920000000000000595e-01 1.865287373979782171e+00
6.930000000000000604e-01 -1.531736647931215778e+00
6.940000000000000613e-01 -5.967414519342240098e-01
6.950000000000000622e-01 3.092040018188985107e-01
6.960000000000000631e-01 -3.230774139917558685e+00
6.970000000000000639e-01 -5.122507952393750230e+00
6.980000000000000648e-01 -8.767823588336366436e-01
6.990000000000000657e-01 -1.317959894950488264e+00
7.000000000000000666e-01 1.426302609400567523e+00
7.010000000000000675e-01 -1.350943263335885991e+00
7.020000000000000684e-01 3.396182023614474410e+00
7.030000000000000693e-01 2.830571147087626915e+00
7.039999999999999591e-01 6.868578564818240473e+00
7.049999999999999600e-01 1.702424190436547136e+00
7.059999999999999609e-01 -9.446967525805255450e-02
7.069999999999999618e-01 -4.517753148506734817e+00
7.079999999999999627e-01 -8.781489406835425449e-01
7.089999999999999636e-01 3.238590999976790563e+00
7.099999999999999645e-01 1.331241392026598636e+00
7.109999999999999654e-01 1.179438563148396568e+00
7.119999999999999662e-01 -1.178175060004425401e+00
7.129999999999999671e-01 -1.399213933125136311e-01
7.139999999999999680e-01 1.667145196368668092e+00
7.149999999999999689e-01 -1.540852040481786034e+00
7.159999999999999698e-01 -3.161485353794088127e+00
7.169999999999999707e-01 -3.172128358621137068e+00
7.179999999999999716e-01 -9.411038581341097942e-01
7.189999999999999725e-01 -3.266725910962055224e+00
7.199999999999999734e-01 1.042933567085931212e+00
7.209999999999999742e-01 1.602051348866489811e+00
7.219999999999999751e-01 4.118721287927717967e+00
7.229999999999999760e-01 2.562574823650850320e+00
7.239999999999999769e-01 1.825875410743615479e+00
7.249999999999999778e-01 3.946436361580721197e+00
7.259999999999999787e-01 4.390124822296029627e+00
7.269999999999999796e-01 4.230874728816687913e+00
7.279999999999999805e-01 -4.259586963874710364e+00
7.289999999999999813e-01 3.716503463744903479e-01
7.299999999999999822e-01 2.158573740459502677e+00
7.309999999999999831e-01 -5.956472771591919013e+00
7.319999999999999840e-01 -2.167524432460695039e+00
7.329999999999999849e-01 -2.926337236558614663e+00
7.339999999999999858e-01 -4.551872606113817277e+00
7.349999999999999867e-01 2.341838866959034426e+00
7.359999999999999876e-01 -1.363004967568139048e+00
7.369999999999999885e-01 3.982666370762043329e+00
7.379999999999999893e-01 -1.541394179418476895e+00
7.389999999999999902e-01 -4.534949187168764162e+00
7.399999999999999911e-01 1.607758636518447082e-01
7.409999999999999920e-01 -1.257067915753058873e+00
7.419999999999999929e-01 1.986921698949511761e+00
7.429999999999999938e-01 -2.590613365904066434e+00
7.439999999999999947e-01 3.922950130878672503e+00
7.449999999999999956e-01 8.274122683359013131e-01
7.459999999999999964e-01 -8.459318236881681052e-01
7.469999999999999973e-01 -3.330160439187639820e+00
7.479999999999999982e-01 5.775976554613182490e-02
7.489999999999999991e-01 -1.221554203556881046e-01
7.500000000000000000e-01 5.113598779202046529e-01
7.510000000000000009e-01 -1.502699861368766099e+00
7.520000000000000018e-01 1.816682688440178495e-01
7.530000000000000027e-01 2.123702955099921574e+00
7.540000000000000036e-01 1.614339123593352410e-01
7.550000000000000044e-01 -1.303596655476830124e+00
7.560000000000000053e-01 -3.801552029510776975e+00
7.570000000000000062e-01 -5.963420042436839097e+00
7.580000000000000071e-01 -3.329734423049553804e+00
7.590000000000000080e-01 3.329825090627478446e-01
7.600000000000000089e-01 2.306499175605251750e+00
7.610000000000000098e-01 2.347568865479652267e+00
7.620000000000000107e-01 2.808489603334013651e+00
7.630000000000000115e-01 9.967194178095766244e-01
7.640000000000000124e-01 2.244791732665295303e+00
7.650000000000000133e-01 5.422161143903705849e+00
7.660000000000000142e-01 7.768734169393837208e-02
7.670000000000000151e-01 4.401995815643917176e+00
7.680000000000000160e-01 3.363373138079540414e+00
7.690000000000000169e-01 -1.848207254741178973e+00
7.700000000000000178e-01 1.784164470739610042e+00
7.710000000000000187e-01 -3.328839037727699068e+00
7.720000000000000195e-01 -3.172958535411204650e+00
7.730000000000000204e-01 -1.771370418087602205e+00
7.740000000000000213e-01 2.335597627972222146e+00
7.750000000000000222e-01 -4.813529103834557343e-02
7.760000000000000231e-01 8.071820018340266634e-01
7.770000000000000240e-01 -1.320875751421412891e+00
7.780000000000000249e-01 3.734469082556807207e-01
7.790000000000000258e-01 -6.962349674365292396e-03
7.800000000000000266e-01 6.238579735115432623e-01
7.810000000000000275e-01 -3.336777635900228134e+00
7.820000000000000284e-01 1.920831237646641210e+00
7.830000000000000293e-01 3.320714149480268329e+00
7.840000000000000302e-01 -2.577632022100786457e-01
7.850000000000000311e-01 5.661326477047854411e-01
7.860000000000000320e-01 5.080515406502779996e+00
7.870000000000000329e-01 2.548842330154466485e+00
7.880000000000000338e-01 1.378801188311278958e+00
7.890000000000000346e-01 -9.589094453843316490e-01
7.900000000000000355e-01 -2.125207788085893057e+00
7.910000000000000364e-01 1.006371656035958129e-01
7.920000000000000373e-01 -3.825680590173358708e-01
7.930000000000000382e-01 -4.054567565887703950e-01
7.940000000000000391e-01 3.511786517613221803e-01
7.950000000000000400e-01 7.379306924919816213e-01
7.960000000000000409e-01 -2.049739307179034853e+00
7.970000000000000417e-01 -3.169027811527789673e+00
7.980000000000000426e-01 -3.260679348625474816e+00
7.990000000000000435e-01 -3.532592595399616231e-01
8.000000000000000444e-01 -2.403998702979479596e+00
8.010000000000000453e-01 -3.924510597991430760e-01
8.020000000000000462e-01 2.191409858341913264e+00
8.030000000000000471e-01 1.796652898748867244e+00
8.040000000000000480e-01 -1.794382110049967949e-01
8.050000000000000488e-01 4.744319292153628354e+00
8.060000000000000497e-01 -1.565848114765230115e+00
8.070000000000000506e-01 -4.405248929838307959e+00
8.080000000000000515e-01 -9.748743525970043899e-01
8.090000000000000524e-01 4.706234806467408660e+00
8.100000000000000533e-01 7.578144311050241555e+00
8.110000000000000542e-01 9.984135765373760574e-01
8.120000000000000551e-01 4.211107082152191761e-01
8.130000000000000560e-01 -6.101082518143268629e+00
8.140000000000000568e-01 -5.613152045307527871e+00
8.150000000000000577e-01 -2.482921280702380606e+00
8.160000000000000586e-01 2.337009146300191631e+00
8.170000000000000595e-01 -1.608802305356913598e+00
8.180000000000000604e-01 4.803298526939258073e-01
8.190000000000000613e-01 -3.534986518586666460e+00
8.200000000000000622e-01 1.441160784211083179e+00
8.210000000000000631e-01 -8.735714327350954100e-01
8.220000000000000639e-01 -1.705415343684128615e+00
8.230000000000000648e-01 7.788540087188577932e-01
8.240000000000000657e-01 8.702989465101616418e+00
8.250000000000000666e-01 4.870337506063524557e-01
8.260000000000000675e-01 1.929040324733265699e+00
8.270000000000000684e-01 3.238095465473265211e+00
8.280000000000000693e-01 -3.694080021732959462e+00
8.290000000000000702e-01 -1.516093924586777941e+00
8.300000000000000711e-01 4.535328473030628693e-01
8.310000000000000719e-01 -1.201495817536463617e+00
8.320000000000000728e-01 -1.020184748260119623e+00
8.329999999999999627e-01 4.281352813157407233e+00
8.339999999999999636e-01 -1.970861941856622446e+00
8.349999999999999645e-01 2.003297055822796935e+00
8.359999999999999654e-01 2.390138400304249178e+00
8.369999999999999662e-01 2.151797303522863025e+00
8.379999999999999671e-01 3.667235589412427110e+00
8.389999999999999680e-01 -4.697154881881298927e+00
8.399999999999999689e-01 -4.006411204967700312e-01
8.409999999999999698e-01 5.455768978647105305e-01
8.419999999999999707e-01 3.867024590749583268e+00
8.429999999999999716e-01 3.943191967309189749e-01
8.439999999999999725e-01 -4.808773530854950629e-01
8.449999999999999734e-01 2.039954271983191347e+00
8.459999999999999742e-01 1.219724096314662276e+00
8.469999999999999751e-01 -8.647743430862269154e-01
8.479999999999999760e-01 8.341712812167703106e-01
8.489999999999999769e-01 7.152885401033531876e-01
8.499999999999999778e-01 -5.579676136600923542e+00
8.509999999999999787e-01 -1.128301859259805751e+00
8.519999999999999796e-01 -1.853135274097836849e-01
8.529999999999999805e-01 5.495535463050456038e-01
8.539999999999999813e-01 -3.329817931970557421e+00
8.549999999999999822e-01 -4.549768262125718721e+00
8.559999999999999831e-01 3.782221886944263645e-01
8.569999999999999840e-01 -3.617206793602264270e+00
8.579999999999999849e-01 8.520011519635830588e-01
8.589999999999999858e-01 -5.085713631230349696e-01
8.599999999999999867e-01 2.295219771420934363e-01
8.609999999999999876e-01 3.491182950066653579e-01
8.619999999999999885e-01 3.773157137201324396e+00
8.629999999999999893e-01 2.789346977573428976e+00
8.639999999999999902e-01 -4.691753061940766578e+00
8.649999999999999911e-01 -9.787524862284524563e-01
8.659999999999999920e-01 -6.369796698578089611e-01
8.669999999999999929e-01 -4.276076537856556836e-01
8.679999999999999938e-01 3.997839510544117569e+00
8.689999999999999947e-01 1.348999896144988275e+00
8.699999999999999956e-01 4.326961874730101520e+00
8.709999999999999964e-01 -1.120181208354988689e+00
8.719999999999999973e-01 -2.375291695254998281e+00
8.729999999999999982e-01 1.762900331662099696e+00
8.739999999999999991e-01 -2.743825455182051343e+00
8.750000000000000000e-01 1.165275297784378328e-01
8.760000000000000009e-01 4.600045862421053400e+00
8.770000000000000018e-01 1.806750756851237316e+00
8.780000000000000027e-01 1.756573361346585482e+00
8.790000000000000036e-01 -4.341320680733107729e+00
8.800000000000000044e-01 2.106910713727341289e+00
8.810000000000000053e-01 -1.661779346136253999e+00
8.820000000000000062e-01 2.022880797736093417e+00
8.830000000000000071e-01 -7.313611983958736573e+00
8.840000000000000080e-01 1.268884422955427471e+00
8.850000000000000089e-01 -3.124625754569523295e-01
8.860000000000000098e-01 -1.443277500982743877e+00
8.870000000000000107e-01 -3.590602077404215109e+00
8.880000000000000115e-01 4.049676175835696945e+00
8.890000000000000124e-01 -1.496439103979904983e+00
8.900000000000000133e-01 -5.010914906651455780e+00
8.910000000000000142e-01 1.807104390449293385e+00
8.920000000000000151e-01 -1.435071108033473708e+00
8.930000000000000160e-01 -6.656353831581016678e+00
8.940000000000000169e-01 -2.294044293887279373e+00
8.950000000000000178e-01 -7.583395514156905381e-01
8.960000000000000187e-01 -1.848005167558328665e-01
8.970000000000000195e-01 -3.473247397242973378e-03
8.980000000000000204e-01 3.398946519010079381e+00
8.990000000000000213e-01 -3.931343778711610781e+00
9.000000000000000222e-01 -1.616324430445095883e+00
9.010000000000000231e-01 3.444647093006755867e+00
9.020000000000000240e-01 4.061810340055766133e+00
9.030000000000000249e-01 -5.281453670531721656e-01
9.040000000000000258e-01 -3.533481133737814694e-02
9.050000000000000266e-01 -2.173188546109631858e+00
9.060000000000000275e-01 -1.143742467725862966e+00
9.070000000000000284e-01 7.450912617276702621e-01
9.080000000000000293e-01 7.236917372736513254e-01
9.090000000000000302e-01 2.935734870797512386e+00
9.100000000000000311e-01 5.076949997064058806e+00
9.110000000000000320e-01 2.025621237331330260e+00
9.120000000000000329e-01 -1.062742831962105949e+00
9.130000000000000338e-01 -4.584408451309861521e-01
9.140000000000000346e-01 -4.030401196156953247e+00
9.150000000000000355e-01 -1.745779693132093247e+00
9.160000000000000364e-01 1.328048991322096528e+00
9.170000000000000373e-01 -5.156327260153152903e-01
9.180000000000000382e-01 1.260083892305172260e+00
9.190000000000000391e-01 2.152717087153284581e+00
9.200000000000000400e-01 -1.653822052995426173e+00
9.210000000000000409e-01 -2.565990295086508333e+00
9.220000000000000417e-01 -4.978381783032370222e+00
9.230000000000000426e-01 2.513385678848891747e+00
9.240000000000000435e-01 1.006492309546285879e+00
9.250000000000000444e-01 -4.111670963548097468e+00
9.260000000000000453e-01 2.842567798055683159e+00
9.270000000000000462e-01 1.075606791978024113e+00
9.280000000000000471e-01 -1.127781643232093067e-01
9.290000000000000480e-01 -3.007590604230505615e-01
9.300000000000000488e-01 -1.076043418411678276e+00
9.310000000000000497e-01 -1.989632281737689246e+00
9.320000000000000506e-01 -1.698177335711961167e+00
9.330000000000000515e-01 -1.694799376357905230e+00
9.340000000000000524e-01 7.433180533551484448e-01
9.350000000000000533e-01 7.558827355512860724e-02
9.360000000000000542e-01 2.255965364420098762e+00
9.370000000000000551e-01 -3.547597858712164598e+00
9.380000000000000560e-01 3.782588239051754009e-02
9.390000000000000568e-01 1.905568051037788369e+00
9.400000000000000577e-01 -1.766317394150773712e-02
9.410000000000000586e-01 -5.836292465898920145e-01
9.420000000000000595e-01 -5.783541701121375223e-01
9.430000000000000604e-01 1.187352207819803995e+00
9.440000000000000613e-01 4.360538897719466789e+00
9.450000000000000622e-01 -1.953524467692711042e-01
9.460000000000000631e-01 3.370315979416144359e+00
9.470000000000000639e-01 1.356318451961661564e+00
9.480000000000000648e-01 -1.104377280198349354e+00
9.490000000000000657e-01 -3.928057174308098531e+00
9.500000000000000666e-01 -1.532607914010138739e+00
9.510000000000000675e-01 -1.774491519702939613e+00
9.520000000000000684e-01 -2.990599711845569608e+00
9.530000000000000693e-01 -1.730870275587413909e-01
9.540000000000000702e-01 -3.395771142647265428e+00
9.550000000000000711e-01 -5.232453615384720536e+00
9.560000000000000719e-01 -1.969636370720150742e+00
9.570000000000000728e-01 -3.532667380002498803e+00
9.580000000000000737e-01 -1.329253472288828286e-01
9.590000000000000746e-01 -1.570937591045186599e+00
9.599999999999999645e-01 3.471888457520503124e+00
9.609999999999999654e-01 2.576897029956474849e+00
9.619999999999999662e-01 -8.082281567741045336e-03
9.629999999999999671e-01 -4.166955608263312349e+00
9.639999999999999680e-01 -1.535969716205871860e+00
9.649999999999999689e-01 4.309952091021207465e+00
9.659999999999999698e-01 3.280942633520175900e+00
9.669999999999999707e-01 1.964578810762842132e+00
9.679999999999999716e-01 8.036367151562324729e-01
9.689999999999999725e-01 1.379398674676911352e+00
9.699999999999999734e-01 4.242300911846672129e+00
9.709999999999999742e-01 -3.586867499114641866e+00
9.719999999999999751e-01 4.592067128484691452e-01
9.729999999999999760e-01 -4.791122692304112363e+00
9.739999999999999769e-01 -3.745665317247871773e+00
9.749999999999999778e-01 -4.473218177983377508e+00
9.759999999999999787e-01 5.719329570866260593e-01
9.769999999999999796e-01 -2.975244999518609212e+00
9.779999999999999805e-01 4.617620548601501618e+00
9.789999999999999813e-01 -1.619320155225622226e+00
9.799999999999999822e-01 9.873140799256098221e-01
9.809999999999999831e-01 -3.866749747720516606e+00
9.819999999999999840e-01 -1.819476536103907360e+00
9.829999999999999849e-01 -4.584965158661854723e+00
9.839999999999999858e-01 -1.323896430812518288e+00
9.849999999999999867e-01 2.690261509323583322e+00
9.859999999999999876e-01 3.329485947872727003e+00
9.869999999999999885e-01 7.538396915397991283e-01
9.879999999999999893e-01 -6.683780253822002582e-02
9.889999999999999902e-01 -4.514913601686673772e+00
9.899999999999999911e-01 -3.267446546870567126e+00
9.909999999999999920e-01 3.101543400223915281e+00
9.919999999999999929e-01 7.654994907291545303e+00
9.929999999999999938e-01 2.295781272973625164e-01
9.939999999999999947e-01 -6.024740979220946091e-01
9.949999999999999956e-01 4.447582896056118118e-01
9.959999999999999964e-01 -4.550557184506805797e+00
9.969999999999999973e-01 -4.366199083085351873e+00
9.979999999999999982e-01 -7.803739348848925950e-02
9.989999999999999991e-01 -2.199071773059155355e+00
