0.000000000000000000e+00 1.000000000000000000e+10
2.002002002002001973e+05 9.999999999999986649e+09
4.004004004004003946e+05 9.999999999999986649e+09
6.006006006006005919e+05 9.999407770705968857e+09
8.008008008008007891e+05 9.998091741691253662e+09
1.001001001001000986e+06 9.996019230623338699e+09
1.201201201201201184e+06 9.993177517596677780e+09
1.401401401401401497e+06 9.989560692840976715e+09
1.601601601601601578e+06 9.985165899285221100e+09
1.801801801801801659e+06 9.979991923432548523e+09
2.002002002002001973e+06 9.974038568805688858e+09
2.202202202202202287e+06 9.967306342290096283e+09
2.402402402402402367e+06 9.959796282603841782e+09
2.602602602602602448e+06 9.951509859748537064e+09
2.802802802802802995e+06 9.942448912609451294e+09
3.003003003003003076e+06 9.932615608291694641e+09
3.203203203203203157e+06 9.922012414440668106e+09
3.403403403403403237e+06 9.910642079625343323e+09
3.603603603603603318e+06 9.898507618890550613e+09
3.803803803803803865e+06 9.885612302710849762e+09
4.004004004004003946e+06 9.871959648230690002e+09
4.204204204204204492e+06 9.857553412066780090e+09
4.404404404404404573e+06 9.842397584190824509e+09
4.604604604604604654e+06 9.826496382564956665e+09
4.804804804804804735e+06 9.809854248302734375e+09
5.005005005005004816e+06 9.792475841195676804e+09
5.205205205205204897e+06 9.774366035490898132e+09
5.405405405405404978e+06 9.755529915837074280e+09
5.605605605605605990e+06 9.735972773338184357e+09
5.805805805805806071e+06 9.715700101670484543e+09
6.006006006006006151e+06 9.694717593229671478e+09
6.206206206206206232e+06 9.673031135283685684e+09
6.406406406406406313e+06 9.650646806112995148e+09
6.606606606606606394e+06 9.627570871124883652e+09
6.806806806806806475e+06 9.603809778931943893e+09
7.007007007007006556e+06 9.579370157387712479e+09
7.207207207207206637e+06 9.554258809574586868e+09
7.407407407407407649e+06 9.528482709740837097e+09
7.607607607607607730e+06 9.502048999184827805e+09
7.807807807807807811e+06 9.474964982085699081e+09
8.008008008008007891e+06 9.447238121280506134e+09
8.208208208208207972e+06 9.418876033988609314e+09
8.408408408408408985e+06 9.389886487484567642e+09
8.608608608608609065e+06 9.360277394721305847e+09
8.808808808808809146e+06 9.330056809905672073e+09
9.009009009009009227e+06 9.299232924028766632e+09
9.209209209209209308e+06 9.267814060353761673e+09
9.409409409409409389e+06 9.235808669864067078e+09
9.609609609609609470e+06 9.203225326674837112e+09
9.809809809809809551e+06 9.170072723411071777e+09
1.001001001001000963e+07 9.136359666555526733e+09
1.021021021021020971e+07 9.102095071769845963e+09
1.041041041041040979e+07 9.067287959192346573e+09
1.061061061061060987e+07 9.031947448715936661e+09
1.081081081081080996e+07 8.996082755249736786e+09
1.101101101101101004e+07 8.959703183967903137e+09
1.121121121121121198e+07 8.922818125549282074e+09
1.141141141141141206e+07 8.885437051411426544e+09
1.161161161161161214e+07 8.847569508942554474e+09
1.181181181181181222e+07 8.809225116735029221e+09
1.201201201201201230e+07 8.770413559823835373e+09
1.221221221221221238e+07 8.731144584933628082e+09
1.241241241241241246e+07 8.691427995737762451e+09
1.261261261261261255e+07 8.651273648132766724e+09
1.281281281281281263e+07 8.610691445531633377e+09
1.301301301301301271e+07 8.569691334179261208e+09
1.321321321321321279e+07 8.528283298493325233e+09
1.341341341341341287e+07 8.486477356433788300e+09
1.361361361361361295e+07 8.444283554904221535e+09
1.381381381381381303e+07 8.401711965188002586e+09
1.401401401401401311e+07 8.358772678422412872e+09
1.421421421421421319e+07 8.315475801113589287e+09
1.441441441441441327e+07 8.271831450695177078e+09
1.461461461461461522e+07 8.227849751133465767e+09
1.481481481481481530e+07 8.183540828581740379e+09
1.501501501501501538e+07 8.138914807086430550e+09
1.521521521521521546e+07 8.093981804347608566e+09
1.541541541541541554e+07 8.048751927536285400e+09
1.561561561561561562e+07 8.003235269170827866e+09
1.581581581581581570e+07 7.957441903054809570e+09
1.601601601601601578e+07 7.911381880278411865e+09
1.621621621621621586e+07 7.865065225285479546e+09
1.641641641641641594e+07 7.818501932008213043e+09
1.661661661661661603e+07 7.771701960071362495e+09
1.681681681681681797e+07 7.724675231067733765e+09
1.701701701701701805e+07 7.677431624906682014e+09
1.721721721721721813e+07 7.629980976237188339e+09
1.741741741741741821e+07 7.582333070947039604e+09
1.761761761761761829e+07 7.534497642739468575e+09
1.781781781781781837e+07 7.486484369788606644e+09
1.801801801801801845e+07 7.438302871474912643e+09
1.821821821821821854e+07 7.389962705201724052e+09
1.841841841841841862e+07 7.341473363293911934e+09
1.861861861861861870e+07 7.292844269979587555e+09
1.881881881881881878e+07 7.244084778455675125e+09
1.901901901901901886e+07 7.195204168038068771e+09
1.921921921921921894e+07 7.146211641397043228e+09
1.941941941941941902e+07 7.097116321878437996e+09
1.961961961961961910e+07 7.047927250911097527e+09
1.981981981981981918e+07 6.998653385500917435e+09
2.002002002002001926e+07 6.949303595811793327e+09
2.022022022022021934e+07 6.899886662833671570e+09
2.042042042042041942e+07 6.850411276137811661e+09
2.062062062062061951e+07 6.800886031719281197e+09
2.082082082082081959e+07 6.751319429926661491e+09
2.102102102102101967e+07 6.701719873478807449e+09
2.122122122122121975e+07 6.652095665568485260e+09
2.142142142142141983e+07 6.602455008052586555e+09
2.162162162162161991e+07 6.552805999728581429e+09
2.182182182182181999e+07 6.503156634696783066e+09
2.202202202202202007e+07 6.453514800807938576e+09
2.222222222222222015e+07 6.403888278195583344e+09
2.242242242242242396e+07 6.354284737892540932e+09
2.262262262262262404e+07 6.304711740530885696e+09
2.282282282282282412e+07 6.255176735124625206e+09
2.302302302302302420e+07 6.205687057934299469e+09
2.322322322322322428e+07 6.156249931412652969e+09
2.342342342342342436e+07 6.106872463230445862e+09
2.362362362362362444e+07 6.057561645381473541e+09
2.382382382382382452e+07 6.008324353365774155e+09
2.402402402402402461e+07 5.959167345449965477e+09
2.422422422422422469e+07 5.910097262003624916e+09
2.442442442442442477e+07 5.861120624910560608e+09
2.462462462462462485e+07 5.812243837053813934e+09
2.482482482482482493e+07 5.763473181873163223e+09
2.502502502502502501e+07 5.714814822993876457e+09
2.522522522522522509e+07 5.666274803925456047e+09
2.542542542542542517e+07 5.617859047829031944e+09
2.562562562562562525e+07 5.569573357352083206e+09
2.582582582582582533e+07 5.521423414529115677e+09
2.602602602602602541e+07 5.473414780746912003e+09
2.622622622622622550e+07 5.425552896772933006e+09
2.642642642642642558e+07 5.377843082845446587e+09
2.662662662662662566e+07 5.330290538823942184e+09
2.682682682682682574e+07 5.282900344398353577e+09
2.702702702702702582e+07 5.235677459355621338e+09
2.722722722722722590e+07 5.188626723902113914e+09
2.742742742742742598e+07 5.141752859040390968e+09
2.762762762762762606e+07 5.095060466998826981e+09
2.782782782782782614e+07 5.048554031712553024e+09
2.802802802802802622e+07 5.002237919354239464e+09
2.822822822822822630e+07 4.956116378913164139e+09
2.842842842842842638e+07 4.910193542821066856e+09
2.862862862862862647e+07 4.864473427623268127e+09
2.882882882882882655e+07 4.818959934693531990e+09
2.902902902902903035e+07 4.773656850991161346e+09
2.922922922922923043e+07 4.728567849858819962e+09
2.942942942942943051e+07 4.683696491859575272e+09
2.962962962962963060e+07 4.639046225651672363e+09
2.982982982982983068e+07 4.594620388899549484e+09
3.003003003003003076e+07 4.550422209219633102e+09
3.023023023023023084e+07 4.506454805159426689e+09
3.043043043043043092e+07 4.462721187208471298e+09
3.063063063063063100e+07 4.419224258839719772e+09
3.083083083083083108e+07 4.375966817579912186e+09
3.103103103103103116e+07 4.332951556107548714e+09
3.123123123123123124e+07 4.290181063377063751e+09
3.143143143143143132e+07 4.247657825767834663e+09
3.163163163163163140e+07 4.205384228256673813e+09
3.183183183183183149e+07 4.163362555612459183e+09
3.203203203203203157e+07 4.121594993611605644e+09
3.223223223223223165e+07 4.080083630273066998e+09
3.243243243243243173e+07 4.038830457111607552e+09
3.263263263263263181e+07 3.997837370408083439e+09
3.283283283283283189e+07 3.957106172495517731e+09
3.303303303303303197e+07 3.916638573059742451e+09
3.323323323323323205e+07 3.876436190453451157e+09
3.343343343343343213e+07 3.836500553022482395e+09
3.363363363363363594e+07 3.796833100443204403e+09
3.383383383383383602e+07 3.757435185069896221e+09
3.403403403403403610e+07 3.718308073291036129e+09
3.423423423423423618e+07 3.679452946893426418e+09
3.443443443443443626e+07 3.640870904433138847e+09
3.463463463463463634e+07 3.602562962612246037e+09
3.483483483483483642e+07 3.564530057660373688e+09
3.503503503503503650e+07 3.526773046720099926e+09
3.523523523523523659e+07 3.489292709235271454e+09
3.543543543543543667e+07 3.452089748341332912e+09
3.563563563563563675e+07 3.415164792256772995e+09
3.583583583583583683e+07 3.378518395674848080e+09
3.603603603603603691e+07 3.342151041154730320e+09
3.623623623623623699e+07 3.306063140511292458e+09
3.643643643643643707e+07 3.270255036202732086e+09
3.663663663663663715e+07 3.234727002715293407e+09
3.683683683683683723e+07 3.199479247944342613e+09
3.703703703703703731e+07 3.164511914571101665e+09
3.723723723723723739e+07 3.129825081434350491e+09
3.743743743743743747e+07 3.095418764896446705e+09
3.763763763763763756e+07 3.061292920203027725e+09
3.783783783783783764e+07 3.027447442835786819e+09
3.803803803803803772e+07 2.993882169857739449e+09
3.823823823823823780e+07 2.960596881250417233e+09
3.843843843843843788e+07 2.927591301242456913e+09
3.863863863863863796e+07 2.894865099629055023e+09
3.883883883883883804e+07 2.862417893081820011e+09
3.903903903903903812e+07 2.830249246448524952e+09
3.923923923923923820e+07 2.798358674042331219e+09
3.943943943943943828e+07 2.766745640920048714e+09
3.963963963963963836e+07 2.735409564149031639e+09
3.983983983983983845e+07 2.704349814062314034e+09
4.004004004004003853e+07 2.673565715501641273e+09
4.024024024024023861e+07 2.643056549048025608e+09
4.044044044044043869e+07 2.612821552239531994e+09
4.064064064064063877e+07 2.582859920775958538e+09
4.084084084084083885e+07 2.553170809710150719e+09
4.104104104104103893e+07 2.523753334625663757e+09
4.124124124124123901e+07 2.494606572800529480e+09
4.144144144144143909e+07 2.465729564356896400e+09
4.164164164164163917e+07 2.437121313396326065e+09
4.184184184184183925e+07 2.408780789120544434e+09
4.204204204204203933e+07 2.380706926937471390e+09
4.224224224224223942e+07 2.352898629552354813e+09
4.244244244244243950e+07 2.325354768043864727e+09
4.264264264264263958e+07 2.298074182925011158e+09
4.284284284284283966e+07 2.271055685188756466e+09
4.304304304304303974e+07 2.244298057338225842e+09
4.324324324324323982e+07 2.217800054401415825e+09
4.344344344344343990e+07 2.191560404930322170e+09
4.364364364364363998e+07 2.165577811984423161e+09
4.384384384384384006e+07 2.139850954098458290e+09
4.404404404404404014e+07 2.114378486234468222e+09
4.424424424424424022e+07 2.089159040718054771e+09
4.444444444444444031e+07 2.064191228158854008e+09
4.464464464464464039e+07 2.039473638355204105e+09
4.484484484484484792e+07 2.015004841183017015e+09
4.504504504504504800e+07 1.990783387468863487e+09
4.524524524524524808e+07 1.966807809847294331e+09
4.544544544544544816e+07 1.943076623602431774e+09
4.564564564564564824e+07 1.919588327493869066e+09
4.584584584584584832e+07 1.896341404566930056e+09
4.604604604604604840e+07 1.873334322947346926e+09
4.624624624624624848e+07 1.850565536620420456e+09
4.644644644644644856e+07 1.828033486194739819e+09
4.664664664664664865e+07 1.805736599650538445e+09
4.684684684684684873e+07 1.783673293072778940e+09
4.704704704704704881e+07 1.761841971369059801e+09
4.724724724724724889e+07 1.740241028972442627e+09
4.744744744744744897e+07 1.718868850529312372e+09
4.764764764764764905e+07 1.697723811572379351e+09
4.784784784784784913e+07 1.676804279178942680e+09
4.804804804804804921e+07 1.656108612614539862e+09
4.824824824824824929e+07 1.635635163962110758e+09
4.844844844844844937e+07 1.615382278736805439e+09
4.864864864864864945e+07 1.595348296486580610e+09
4.884884884884884953e+07 1.575531551378718138e+09
4.904904904904904962e+07 1.555930372772417784e+09
4.924924924924924970e+07 1.536543085777607203e+09
4.944944944944944978e+07 1.517368011800126553e+09
4.964964964964964986e+07 1.498403469073438883e+09
4.984984984984984994e+07 1.479647773177028656e+09
5.005005005005005002e+07 1.461099237541643381e+09
5.025025025025025010e+07 1.442756173941548109e+09
5.045045045045045018e+07 1.424616892973952770e+09
5.065065065065065026e+07 1.406679704525783777e+09
5.085085085085085034e+07 1.388942918227966547e+09
5.105105105105105042e+07 1.371404843897390366e+09
5.125125125125125051e+07 1.354063791966728687e+09
5.145145145145145059e+07 1.336918073902288198e+09
5.165165165165165067e+07 1.319966002610059977e+09
5.185185185185185075e+07 1.303205892830150127e+09
5.205205205205205083e+07 1.286636061519766331e+09
5.225225225225225091e+07 1.270254828224932432e+09
5.245245245245245099e+07 1.254060515441117764e+09
5.265265265265265107e+07 1.238051448962949038e+09
5.285285285285285115e+07 1.222225958223190069e+09
5.305305305305305123e+07 1.206582376621161699e+09
5.325325325325325131e+07 1.191119041840785027e+09
5.345345345345345140e+07 1.175834296158421040e+09
5.365365365365365148e+07 1.160726486740686655e+09
5.385385385385385156e+07 1.145793965932424068e+09
5.405405405405405164e+07 1.131035091534996986e+09
5.425425425425425172e+07 1.116448227075094700e+09
5.445445445445445180e+07 1.102031742064213276e+09
5.465465465465465188e+07 1.087784012248991728e+09
5.485485485485485196e+07 1.073703419852576256e+09
5.505505505505505204e+07 1.059788353807182908e+09
5.525525525525525212e+07 1.046037209978031635e+09
5.545545545545545220e+07 1.032448391378821492e+09
5.565565565565565228e+07 1.019020308378915071e+09
5.585585585585585237e+07 1.005751378902400970e+09
5.605605605605605245e+07 9.926400286191996336e+08
5.625625625625625253e+07 9.796846911283775568e+08
5.645645645645645261e+07 9.668838081338332891e+08
5.665665665665665269e+07 9.542358296125177145e+08
5.685685685685685277e+07 9.417392139753477573e+08
5.705705705705705285e+07 9.293924282209724188e+08
5.725725725725725293e+07 9.171939480825493336e+08
5.745745745745745301e+07 9.051422581676857471e+08
5.765765765765765309e+07 8.932358520916982889e+08
5.785785785785786062e+07 8.814732326043426991e+08
5.805805805805806071e+07 8.698529117101651430e+08
5.825825825825826079e+07 8.583734107826197147e+08
5.845845845845846087e+07 8.470332606721041203e+08
5.865865865865866095e+07 8.358310018080518246e+08
5.885885885885886103e+07 8.247651842952283621e+08
5.905905905905906111e+07 8.138343680043683052e+08
5.925925925925926119e+07 8.030371226572958231e+08
5.945945945945946127e+07 7.923720279066607952e+08
5.965965965965966135e+07 7.818376734104303122e+08
5.985985985985986143e+07 7.714326589012646675e+08
6.006006006006006151e+07 7.611555942509092093e+08
6.026026026026026160e+07 7.510050995297342539e+08
6.046046046046046168e+07 7.409798050615441799e+08
6.066066066066066176e+07 7.310783514737867117e+08
6.086086086086086184e+07 7.212993897432804108e+08
6.106106106106106192e+07 7.116415812375841141e+08
6.126126126126126200e+07 7.021035977521264553e+08
6.146146146146146208e+07 6.926841215432120562e+08
6.166166166166166216e+07 6.833818453570195436e+08
6.186186186186186224e+07 6.741954724547045231e+08
6.206206206206206232e+07 6.651237166337184906e+08
6.226226226226226240e+07 6.561653022454525232e+08
6.246246246246246248e+07 6.473189642093114853e+08
6.266266266266266257e+07 6.385834480233283043e+08
6.286286286286286265e+07 6.299575097714148760e+08
6.306306306306306273e+07 6.214399161273566484e+08
6.326326326326326281e+07 6.130294443556467295e+08
6.346346346346346289e+07 6.047248823092588186e+08
6.366366366366366297e+07 5.965250284244534969e+08
6.386386386386386305e+07 5.884286917127118111e+08
6.406406406406406313e+07 5.804346917498878241e+08
6.426426426426426321e+07 5.725418586626709700e+08
6.446446446446446329e+07 5.647490331124448776e+08
6.466466466466466337e+07 5.570550662766306400e+08
6.486486486486486346e+07 5.494588198275974989e+08
6.506506506506506354e+07 5.419591659092254639e+08
6.526526526526526362e+07 5.345549871111989021e+08
6.546546546546546370e+07 5.272451764411132336e+08
6.566566566566566378e+07 5.200286372944687009e+08
6.586586586586586386e+07 5.129042834226306677e+08
6.606606606606606394e+07 5.058710388988286257e+08
6.626626626626626402e+07 4.989278380822667480e+08
6.646646646646646410e+07 4.920736255804184675e+08
6.666666666666666418e+07 4.853073562095717788e+08
6.686686686686686426e+07 4.786279949536963105e+08
6.706706706706706434e+07 4.720345169216952920e+08
6.726726726726727188e+07 4.655259073031097651e+08
6.746746746746747196e+07 4.591011613223363161e+08
6.766766766766767204e+07 4.527592841914215088e+08
6.786786786786787212e+07 4.464992910614917874e+08
6.806806806806807220e+07 4.403202069728791714e+08
6.826826826826827228e+07 4.342210668039986491e+08
6.846846846846847236e+07 4.282009152190345526e+08
6.866866866866867244e+07 4.222588066144893765e+08
6.886886886886887252e+07 4.163938050646488667e+08
6.906906906906907260e+07 4.106049842660154104e+08
6.926926926926927269e+07 4.048914274807595015e+08
6.946946946946947277e+07 3.992522274792391658e+08
6.966966966966967285e+07 3.936864864816357493e+08
6.986986986986987293e+07 3.881933160987511873e+08
7.007007007007007301e+07 3.827718372720146179e+08
7.027027027027027309e+07 3.774211802127403021e+08
7.047047047047047317e+07 3.721404843406815529e+08
7.067067067067067325e+07 3.669288982219223976e+08
7.087087087087087333e+07 3.617855795061469078e+08
7.107107107107107341e+07 3.567096948633268476e+08
7.127127127127127349e+07 3.517004199198662639e+08
7.147147147147147357e+07 3.467569391942394376e+08
7.167167167167167366e+07 3.418784460321601629e+08
7.187187187187187374e+07 3.370641425413166285e+08
7.207207207207207382e+07 3.323132395257070661e+08
7.227227227227227390e+07 3.276249564196087122e+08
7.247247247247247398e+07 3.229985212212138176e+08
7.267267267267267406e+07 3.184331704259628057e+08
7.287287287287287414e+07 3.139281489596062899e+08
7.307307307307307422e+07 3.094827101110246181e+08
7.327327327327327430e+07 3.050961154648345709e+08
7.347347347347347438e+07 3.007676348338102102e+08
7.367367367367367446e+07 2.964965461911457777e+08
7.387387387387387455e+07 2.922821356025856733e+08
7.407407407407407463e+07 2.881236971584483385e+08
7.427427427427427471e+07 2.840205329055668712e+08
7.447447447447447479e+07 2.799719527791714072e+08
7.467467467467467487e+07 2.759772745347357988e+08
7.487487487487487495e+07 2.720358236798105836e+08
7.507507507507507503e+07 2.681469334058638513e+08
7.527527527527527511e+07 2.643099445201512277e+08
7.547547547547547519e+07 2.605242053776341379e+08
7.567567567567567527e+07 2.567890718129664063e+08
7.587587587587587535e+07 2.531039070725676715e+08
7.607607607607607543e+07 2.494680817468013763e+08
7.627627627627627552e+07 2.458809737022755444e+08
7.647647647647647560e+07 2.423419680142818093e+08
7.667667667667667568e+07 2.388504568993902504e+08
7.687687687687687576e+07 2.354058396482144296e+08
7.707707707707707584e+07 2.320075225583623946e+08
7.727727727727727592e+07 2.286549188675878942e+08
7.747747747747747600e+07 2.253474486871548593e+08
7.767767767767767608e+07 2.220845389354301989e+08
7.787787787787787616e+07 2.188656232717157006e+08
7.807807807807807624e+07 2.156901420303328335e+08
7.827827827827827632e+07 2.125575421549714506e+08
7.847847847847847641e+07 2.094672771333140433e+08
7.867867867867867649e+07 2.064188069319459796e+08
7.887887887887887657e+07 2.034115979315626621e+08
7.907907907907907665e+07 2.004451228624829650e+08
7.927927927927927673e+07 1.975188607404785454e+08
7.947947947947947681e+07 1.946322968029284179e+08
7.967967967967967689e+07 1.917849224453070760e+08
7.987987987987987697e+07 1.889762351580142081e+08
8.008008008008007705e+07 1.862057384635545611e+08
8.028028028028027713e+07 1.834729418540744483e+08
8.048048048048047721e+07 1.807773607292627394e+08
8.068068068068067729e+07 1.781185163346228004e+08
8.088088088088087738e+07 1.754959357001214325e+08
8.108108108108107746e+07 1.729091515792213678e+08
8.128128128128127754e+07 1.703577023883026242e+08
8.148148148148147762e+07 1.678411321464780867e+08
8.168168168168167770e+07 1.653589904158087969e+08
8.188188188188187778e+07 1.629108322419229746e+08
8.208208208208207786e+07 1.604962180950439870e+08
8.228228228228227794e+07 1.581147138114307821e+08
8.248248248248247802e+07 1.557658905352350771e+08
8.268268268268267810e+07 1.534493246607787907e+08
8.288288288288287818e+07 1.511645977752550542e+08
8.308308308308307827e+07 1.489112966018559039e+08
8.328328328328327835e+07 1.466890129433296025e+08
8.348348348348347843e+07 1.444973436259697974e+08
8.368368368368367851e+07 1.423358904440397918e+08
8.388388388388387859e+07 1.402042601046329439e+08
8.408408408408407867e+07 1.381020641729720235e+08
8.428428428428427875e+07 1.360289190181488097e+08
8.448448448448447883e+07 1.339844457593055815e+08
8.468468468468467891e+07 1.319682702122599781e+08
8.488488488488487899e+07 1.299800228365739882e+08
8.508508508508507907e+07 1.280193386830683351e+08
8.528528528528527915e+07 1.260858573417830914e+08
8.548548548548547924e+07 1.241792228903847635e+08
8.568568568568567932e+07 1.222990838430206329e+08
8.588588588588587940e+07 1.204450930996205509e+08
8.608608608608607948e+07 1.186169078956461251e+08
8.628628628628627956e+07 1.168141897522874773e+08
8.648648648648647964e+07 1.150366044271074533e+08
8.668668668668667972e+07 1.132838218651325554e+08
8.688688688688687980e+07 1.115555161503908038e+08
8.708708708708707988e+07 1.098513654578953087e+08
8.728728728728727996e+07 1.081710520060733259e+08
8.748748748748748004e+07 1.065142620096397102e+08
8.768768768768768013e+07 1.048806856329139322e+08
8.788788788788788021e+07 1.032700169435796440e+08
8.808808808808808029e+07 1.016819538668854684e+08
8.828828828828828037e+07 1.001161981402860731e+08
8.848848848848848045e+07 9.857245526852180064e+07
8.868868868868868053e+07 9.705043447913570702e+07
8.888888888888888061e+07 9.554984867842632532e+07
8.908908908908908069e+07 9.407041440783454478e+07
8.928928928928928077e+07 9.261185180076290667e+07
8.948948948948948085e+07 9.117388453982557356e+07
8.968968968968969584e+07 8.975623981452701986e+07
8.988988988988989592e+07 8.835864827936755121e+07
9.009009009009009600e+07 8.698084401237367094e+07
9.029029029029029608e+07 8.562256447405123711e+07
9.049049049049049616e+07 8.428355046675905585e+07
9.069069069069069624e+07 8.296354609450109303e+07
9.089089089089089632e+07 8.166229872313472629e+07
9.109109109109109640e+07 8.037955894099284708e+07
9.129129129129129648e+07 7.911508051991745830e+07
9.149149149149149656e+07 7.786862037670236826e+07
9.169169169169169664e+07 7.663993853494240344e+07
9.189189189189189672e+07 7.542879808728687465e+07
9.209209209209209681e+07 7.423496515809446573e+07
9.229229229229229689e+07 7.305820886648714542e+07
9.249249249249249697e+07 7.189830128980050981e+07
9.269269269269269705e+07 7.075501742742770910e+07
9.289289289289289713e+07 6.962813516505441070e+07
9.309309309309309721e+07 6.851743523928219080e+07
9.329329329329329729e+07 6.742270120263721049e+07
9.349349349349349737e+07 6.634371938896195590e+07
9.369369369369369745e+07 6.528027887918662280e+07
9.389389389389389753e+07 6.423217146747800708e+07
9.409409409409409761e+07 6.319919162776235491e+07
9.429429429429429770e+07 6.218113648061986268e+07
9.449449449449449778e+07 6.117780576054769754e+07
9.469469469469469786e+07 6.018900178358855844e+07
9.489489489489489794e+07 5.921452941532216221e+07
9.509509509509509802e+07 5.825419603921639174e+07
9.529529529529529810e+07 5.730781152533543110e+07
9.549549549549549818e+07 5.637518819940176606e+07
9.569569569569569826e+07 5.545614081220921874e+07
9.589589589589589834e+07 5.455048650938399136e+07
9.609609609609609842e+07 5.365804480149067193e+07
9.629629629629629850e+07 5.277863753448043764e+07
9.649649649649649858e+07 5.191208886047829688e+07
9.669669669669669867e+07 5.105822520890638977e+07
9.689689689689689875e+07 5.021687525794050097e+07
9.709709709709709883e+07 4.938786990629668534e+07
9.729729729729729891e+07 4.857104224534500390e+07
9.749749749749749899e+07 4.776622753154757619e+07
9.769769769769769907e+07 4.697326315921765566e+07
9.789789789789789915e+07 4.619198863359706849e+07
9.809809809809809923e+07 4.542224554424887151e+07
9.829829829829829931e+07 4.466387753876224160e+07
9.849849849849849939e+07 4.391673029676678777e+07
9.869869869869869947e+07 4.318065150425315648e+07
9.889889889889889956e+07 4.245549082819710672e+07
9.909909909909909964e+07 4.174109989148404449e+07
9.929929929929929972e+07 4.103733224813117087e+07
9.949949949949949980e+07 4.034404335880421847e+07
9.969969969969969988e+07 3.966109056662593782e+07
9.989989989989989996e+07 3.898833307327338308e+07
1.001001001001001000e+08 3.832563191536125541e+07
1.003003003003003001e+08 3.767284994110812992e+07
1.005005005005005002e+08 3.702985178728307039e+07
1.007007007007007003e+08 3.639650385642949492e+07
1.009009009009009004e+08 3.577267429436356574e+07
1.011011011011011004e+08 3.515823296794433147e+07
1.013013013013013005e+08 3.455305144311270118e+07
1.015015015015015006e+08 3.395700296319651604e+07
1.017017017017017007e+08 3.336996242747899517e+07
1.019019019019019008e+08 3.279180637002764270e+07
1.021021021021021008e+08 3.222241293878104538e+07
1.023023023023023009e+08 3.166166187489068136e+07
1.025025025025025010e+08 3.110943449231510982e+07
1.027027027027027011e+08 3.056561365766385198e+07
1.029029029029029012e+08 3.003008377028821036e+07
1.031031031031031013e+08 2.950273074261641130e+07
1.033033033033033013e+08 2.898344198073046654e+07
1.035035035035035014e+08 2.847210636518203467e+07
1.037037037037037015e+08 2.796861423204472288e+07
1.039039039039039016e+08 2.747285735420026630e+07
1.041041041041041017e+08 2.698472892285595089e+07
1.043043043043043017e+08 2.650412352929077670e+07
1.045045045045045018e+08 2.603093714682780579e+07
1.047047047047047019e+08 2.556506711303017288e+07
1.049049049049049020e+08 2.510641211211826280e+07
1.051051051051051021e+08 2.465487215760563314e+07
1.053053053053053021e+08 2.421034857515110448e+07
1.055055055055055022e+08 2.377274398562471196e+07
1.057057057057057023e+08 2.334196228838502988e+07
1.059059059059059024e+08 2.291790864476545900e+07
1.061061061061061025e+08 2.250048946176715940e+07
1.063063063063063025e+08 2.208961237595617771e+07
1.065065065065065026e+08 2.168518623756256327e+07
1.067067067067067027e+08 2.128712109477899224e+07
1.069069069069069028e+08 2.089532817825674266e+07
1.071071071071071029e+08 2.050971988579667732e+07
1.073073073073073030e+08 2.013020976723293588e+07
1.075075075075075030e+08 1.975671250950722024e+07
1.077077077077077031e+08 1.938914392193131521e+07
1.079079079079079032e+08 1.902742092163573578e+07
1.081081081081081033e+08 1.867146151920230687e+07
1.083083083083083034e+08 1.832118480447849631e+07
1.085085085085085034e+08 1.797651093257137388e+07
1.087087087087087035e+08 1.763736111001909524e+07
1.089089089089089036e+08 1.730365758113776520e+07
1.091091091091091037e+08 1.697532361454169825e+07
1.093093093093093038e+08 1.665228348983487673e+07
1.095095095095095038e+08 1.633446248447171599e+07
1.097097097097097039e+08 1.602178686078501493e+07
1.099099099099099040e+08 1.571418385317913629e+07
1.101101101101101041e+08 1.541158165548644029e+07
1.103103103103103042e+08 1.511390940848499723e+07
1.105105105105105042e+08 1.482109718757564388e+07
1.107107107107107043e+08 1.453307599061647430e+07
1.109109109109109044e+08 1.424977772591285780e+07
1.111111111111111045e+08 1.397113520036109723e+07
1.113113113113113046e+08 1.369708210774386488e+07
1.115115115115115047e+08 1.342755301717560925e+07
1.117117117117117047e+08 1.316248336169604771e+07
1.119119119119119048e+08 1.290180942700998299e+07
1.121121121121121049e+08 1.264546834037166461e+07
1.123123123123123050e+08 1.239339805961188860e+07
1.125125125125125051e+08 1.214553736230611987e+07
1.127127127127127051e+08 1.190182583508191071e+07
1.129129129129129052e+08 1.166220386306387372e+07
1.131131131131131053e+08 1.142661261945454404e+07
1.133133133133133054e+08 1.119499405524945073e+07
1.135135135135135055e+08 1.096729088908472657e+07
1.137137137137137055e+08 1.074344659721563756e+07
1.139139139139139056e+08 1.052340540362440795e+07
1.141141141141141057e+08 1.030711227025571465e+07
1.143143143143143058e+08 1.009451288737830520e+07
1.145145145145145059e+08 9.885553664071127772e+06
1.147147147147147059e+08 9.680181718832476065e+06
1.149149149149149060e+08 9.478344870310546830e+06
1.151151151151151061e+08 9.279991628153966740e+06
1.153153153153153062e+08 9.085071183980738744e+06
1.155155155155155212e+08 8.893533402464140207e+06
1.157157157157157212e+08 8.705328812534123659e+06
1.159159159159159213e+08 8.520408598692741245e+06
1.161161161161161214e+08 8.338724592442184687e+06
1.163163163163163215e+08 8.160229263824019581e+06
1.165165165165165216e+08 7.984875713068203069e+06
1.167167167167167217e+08 7.812617662350512110e+06
1.169169169169169217e+08 7.643409447657015175e+06
1.171171171171171218e+08 7.477206010754225776e+06
1.173173173173173219e+08 7.313962891263607889e+06
1.175175175175175220e+08 7.153636218839111738e+06
1.177177177177177221e+08 6.996182705446436070e+06
1.179179179179179221e+08 6.841559637742716819e+06
1.181181181181181222e+08 6.689724869555382058e+06
1.183183183183183223e+08 6.540636814458901063e+06
1.185185185185185224e+08 6.394254438448177651e+06
1.187187187187187225e+08 6.250537252707377076e+06
1.189189189189189225e+08 6.109445306472954340e+06
1.191191191191191226e+08 5.970939179989675060e+06
1.193193193193193227e+08 5.834979977558465675e+06
1.195195195195195228e+08 5.701529320674886927e+06
1.197197197197197229e+08 5.570549341257108375e+06
1.199199199199199229e+08 5.442002674962204881e+06
1.201201201201201230e+08 5.315852454589656554e+06
1.203203203203203231e+08 5.192062303570941091e+06
1.205205205205205232e+08 5.070596329544099048e+06
1.207207207207207233e+08 4.951419118012186140e+06
1.209209209209209234e+08 4.834495726084541529e+06
1.211211211211211234e+08 4.719791676299793646e+06
1.213213213213213235e+08 4.607272950529554859e+06
1.215215215215215236e+08 4.496905983961772174e+06
1.217217217217217237e+08 4.388657659162700176e+06
1.219219219219219238e+08 4.282495300216478296e+06
1.221221221221221238e+08 4.178386666941314936e+06
1.223223223223223239e+08 4.076299949181295000e+06
1.225225225225225240e+08 3.976203761172815692e+06
1.227227227227227241e+08 3.878067135984694120e+06
1.229229229229229242e+08 3.781859520030999556e+06
1.231231231231231242e+08 3.687550767655651551e+06
1.233233233233233243e+08 3.595111135787870735e+06
1.235235235235235244e+08 3.504511278667539358e+06
1.237237237237237245e+08 3.415722242639595643e+06
1.239239239239239246e+08 3.328715461016530171e+06
1.241241241241241246e+08 3.243462749008126091e+06
1.243243243243243247e+08 3.159936298717550933e+06
1.245245245245245248e+08 3.078108674202946015e+06
1.247247247247247249e+08 2.997952806603652891e+06
1.249249249249249250e+08 2.919441989330238663e+06
1.251251251251251251e+08 2.842549873317485210e+06
1.253253253253253251e+08 2.767250462339523714e+06
1.255255255255255252e+08 2.693518108386296313e+06
1.257257257257257253e+08 2.621327507100551389e+06
1.259259259259259254e+08 2.550653693274572957e+06
1.261261261261261255e+08 2.481472036405867897e+06
1.263263263263263255e+08 2.413758236311035696e+06
1.265265265265265256e+08 2.347488318797061685e+06
1.267267267267267257e+08 2.282638631389275659e+06
1.269269269269269258e+08 2.219185839115233626e+06
1.271271271271271259e+08 2.157106920343798120e+06
1.273273273273273259e+08 2.096379162678673165e+06
1.275275275275275260e+08 2.036980158905697754e+06
1.277277277277277261e+08 1.978887802993173711e+06
1.279279279279279262e+08 1.922080286144543439e+06
1.281281281281281263e+08 1.866536092902718345e+06
1.283283283283283263e+08 1.812233997305382509e+06
1.285285285285285264e+08 1.759153059090596624e+06
1.287287287287287265e+08 1.707272619952037698e+06
1.289289289289289266e+08 1.656572299843222369e+06
1.291291291291291267e+08 1.607031993330060970e+06
1.293293293293293267e+08 1.558631865991107654e+06
1.295295295295295268e+08 1.511352350864870474e+06
1.297297297297297269e+08 1.465174144943562336e+06
1.299299299299299270e+08 1.420078205712673720e+06
1.301301301301301271e+08 1.376045747735757614e+06
1.303303303303303272e+08 1.333058239283829695e+06
1.305305305305305272e+08 1.291097399008787470e+06
1.307307307307307273e+08 1.250145192660263274e+06
1.309309309309309274e+08 1.210183829845330212e+06
1.311311311311311275e+08 1.171195760830491781e+06
1.313313313313313276e+08 1.133163673385389382e+06
1.315315315315315276e+08 1.096070489667668240e+06
1.317317317317317277e+08 1.059899363148452481e+06
1.319319319319319278e+08 1.024633675577882095e+06
1.321321321321321279e+08 9.902570339901769767e+05
1.323323323323323280e+08 9.567532677476935787e+05
1.325325325325325280e+08 9.241064256234496133e+05
1.327327327327327281e+08 8.923007729215984000e+05
1.329329329329329282e+08 8.613207886353380745e+05
1.331331331331331283e+08 8.311511626417496009e+05
1.333333333333333284e+08 8.017767929330638144e+05
1.335335335335335284e+08 7.731827828838569112e+05
1.337337337337337285e+08 7.453544385536911432e+05
1.339339339339339286e+08 7.182772660247100284e+05
1.341341341341341287e+08 6.919369687737134518e+05
1.343343343343343437e+08 6.663194450782360509e+05
1.345345345345345438e+08 6.414107854561615968e+05
1.347347347347347438e+08 6.171972701384080574e+05
1.349349349349349439e+08 5.936653665742257144e+05
1.351351351351351440e+08 5.708017269686533837e+05
1.353353353353353441e+08 5.485931858516822103e+05
1.355355355355355442e+08 5.270267576786827995e+05
1.357357357357357442e+08 5.060896344616533024e+05
1.359359359359359443e+08 4.857691834308512043e+05
1.361361361361361444e+08 4.660529447263765032e+05
1.363363363363363445e+08 4.469286291192747885e+05
1.365365365365365446e+08 4.283841157617348945e+05
1.367367367367367446e+08 4.104074499659580179e+05
1.369369369369369447e+08 3.929868410112776910e+05
1.371371371371371448e+08 3.761106599791137851e+05
1.373373373373373449e+08 3.597674376153452904e+05
1.375375375375375450e+08 3.439458622196899378e+05
1.377377377377377450e+08 3.286347775616794243e+05
1.379379379379379451e+08 3.138231808228220325e+05
1.381381381381381452e+08 2.995002205645449576e+05
1.383383383383383453e+08 2.856551947215087712e+05
1.385385385385385454e+08 2.722775486198903527e+05
1.387387387387387455e+08 2.593568730202255538e+05
1.389389389389389455e+08 2.468829021844079834e+05
1.391391391391391456e+08 2.348455119664353551e+05
1.393393393393393457e+08 2.232347179264960869e+05
1.395395395395395458e+08 2.120406734679851797e+05
1.397397397397397459e+08 2.012536679970368568e+05
1.399399399399399459e+08 1.908641251041578362e+05
1.401401401401401460e+08 1.808626007675402507e+05
1.403403403403403461e+08 1.712397815776292409e+05
1.405405405405405462e+08 1.619864829825129127e+05
1.407407407407407463e+08 1.530936475536963262e+05
1.409409409409409463e+08 1.445523432718117256e+05
1.411411411411411464e+08 1.363537618318077875e+05
1.413413413413413465e+08 1.284892169671489974e+05
1.415415415415415466e+08 1.209501427925432508e+05
1.417417417417417467e+08 1.137280921646997595e+05
1.419419419419419467e+08 1.068147350606028776e+05
1.421421421421421468e+08 1.002018569727658760e+05
1.423423423423423469e+08 9.388135732090684178e+04
1.425425425425425470e+08 8.784524787946123979e+04
1.427427427427427471e+08 8.208565122031584906e+04
1.429429429429429471e+08 7.659479917011354701e+04
1.431431431431431472e+08 7.136503128143856884e+04
1.433433433433433473e+08 6.638879331714540604e+04
1.435435435435435474e+08 6.165863574704197526e+04
1.437437437437437475e+08 5.716721225607642555e+04
1.439439439439439476e+08 5.290727826310631644e+04
1.441441441441441476e+08 4.887168944924789685e+04
1.443443443443443477e+08 4.505340029470811714e+04
1.445445445445445478e+08 4.144546262289248989e+04
1.447447447447447479e+08 3.804102415045377711e+04
1.449449449449449480e+08 3.483332704179624125e+04
1.451451451451451480e+08 3.181570646637483514e+04
1.453453453453453481e+08 2.898158915692090159e+04
1.455455455455455482e+08 2.632449196648124780e+04
1.457457457457457483e+08 2.383802042186607287e+04
1.459459459459459484e+08 2.151586727075394447e+04
1.461461461461461484e+08 1.935181101928555290e+04
1.463463463463463485e+08 1.733971445647599103e+04
1.465465465465465486e+08 1.547352316116718430e+04
1.467467467467467487e+08 1.374726398650057308e+04
1.469469469469469488e+08 1.215504351598096218e+04
1.471471471471471488e+08 1.069104648407941022e+04
1.473473473473473489e+08 9.349534152926704337e+03
1.475475475475475490e+08 8.124842634899047880e+03
1.477477477477477491e+08 7.011381148687182758e+03
1.479479479479479492e+08 6.003630193623469495e+03
1.481481481481481493e+08 5.096139623419504460e+03
1.483483483483483493e+08 4.283526595762866236e+03
1.485485485485485494e+08 3.560473368047876193e+03
1.487487487487487495e+08 2.921724901318880711e+03
1.489489489489489496e+08 2.362086223483278445e+03
1.491491491491491497e+08 1.876419487808064787e+03
1.493493493493493497e+08 1.459640641776016082e+03
1.495495495495495498e+08 1.106715591351406374e+03
1.497497497497497499e+08 8.126557001956740578e+02
1.499499499499499500e+08 5.725123859508317992e+02
1.501501501501501501e+08 3.813704093954827385e+02
1.503503503503503501e+08 3.813704093954827385e+02
1.505505505505505502e+08 3.813704093954827385e+02
1.507507507507507503e+08 3.813704093954827385e+02
1.509509509509509504e+08 3.813704093954827385e+02
1.511511511511511505e+08 3.813704093954827385e+02
1.513513513513513505e+08 3.813704093954827385e+02
1.515515515515515506e+08 3.813704093954827385e+02
1.517517517517517507e+08 3.813704093954827385e+02
1.519519519519519508e+08 3.813704093954827385e+02
1.521521521521521509e+08 3.813704093954827385e+02
1.523523523523523510e+08 3.813704093954827385e+02
1.525525525525525510e+08 3.813704093954827385e+02
1.527527527527527511e+08 3.813704093954827385e+02
1.529529529529529512e+08 3.813704093954827385e+02
1.531531531531531513e+08 3.813704093954827385e+02
1.533533533533533514e+08 3.813704093954827385e+02
1.535535535535535514e+08 3.813704093954827385e+02
1.537537537537537515e+08 3.813704093954827385e+02
1.539539539539539516e+08 3.813704093954827385e+02
1.541541541541541517e+08 3.813704093954827385e+02
1.543543543543543518e+08 3.813704093954827385e+02
1.545545545545545518e+08 3.813704093954827385e+02
1.547547547547547519e+08 3.813704093954827385e+02
1.549549549549549520e+08 3.813704093954827385e+02
1.551551551551551521e+08 3.813704093954827385e+02
1.553553553553553522e+08 3.813704093954827385e+02
1.555555555555555522e+08 3.813704093954827385e+02
1.557557557557557523e+08 3.813704093954827385e+02
1.559559559559559524e+08 3.813704093954827385e+02
1.561561561561561525e+08 3.813704093954827385e+02
1.563563563563563526e+08 3.813704093954827385e+02
1.565565565565565526e+08 3.813704093954827385e+02
1.567567567567567527e+08 3.813704093954827385e+02
1.569569569569569528e+08 3.813704093954827385e+02
1.571571571571571529e+08 3.813704093954827385e+02
1.573573573573573530e+08 3.813704093954827385e+02
1.575575575575575531e+08 3.813704093954827385e+02
1.577577577577577531e+08 3.813704093954827385e+02
1.579579579579579532e+08 3.813704093954827385e+02
1.581581581581581533e+08 3.813704093954827385e+02
1.583583583583583534e+08 3.813704093954827385e+02
1.585585585585585535e+08 3.813704093954827385e+02
1.587587587587587535e+08 3.813704093954827385e+02
1.589589589589589536e+08 3.813704093954827385e+02
1.591591591591591537e+08 3.813704093954827385e+02
1.593593593593593538e+08 3.813704093954827385e+02
1.595595595595595539e+08 3.813704093954827385e+02
1.597597597597597539e+08 3.813704093954827385e+02
1.599599599599599540e+08 3.813704093954827385e+02
1.601601601601601541e+08 3.813704093954827385e+02
1.603603603603603542e+08 3.813704093954827385e+02
1.605605605605605543e+08 3.813704093954827385e+02
1.607607607607607543e+08 3.813704093954827385e+02
1.609609609609609544e+08 3.813704093954827385e+02
1.611611611611611545e+08 3.813704093954827385e+02
1.613613613613613546e+08 3.813704093954827385e+02
1.615615615615615547e+08 3.813704093954827385e+02
1.617617617617617548e+08 3.813704093954827385e+02
1.619619619619619548e+08 3.813704093954827385e+02
1.621621621621621549e+08 3.813704093954827385e+02
1.623623623623623550e+08 3.813704093954827385e+02
1.625625625625625551e+08 3.813704093954827385e+02
1.627627627627627552e+08 3.813704093954827385e+02
1.629629629629629552e+08 3.813704093954827385e+02
1.631631631631631553e+08 3.813704093954827385e+02
1.633633633633633554e+08 3.813704093954827385e+02
1.635635635635635555e+08 3.813704093954827385e+02
1.637637637637637556e+08 3.813704093954827385e+02
1.639639639639639556e+08 3.813704093954827385e+02
1.641641641641641557e+08 3.813704093954827385e+02
1.643643643643643558e+08 3.813704093954827385e+02
1.645645645645645559e+08 3.813704093954827385e+02
1.647647647647647560e+08 3.813704093954827385e+02
1.649649649649649560e+08 3.813704093954827385e+02
1.651651651651651561e+08 3.813704093954827385e+02
1.653653653653653562e+08 3.813704093954827385e+02
1.655655655655655563e+08 3.813704093954827385e+02
1.657657657657657564e+08 3.813704093954827385e+02
1.659659659659659564e+08 3.813704093954827385e+02
1.661661661661661565e+08 3.813704093954827385e+02
1.663663663663663566e+08 3.813704093954827385e+02
1.665665665665665567e+08 3.813704093954827385e+02
1.667667667667667568e+08 3.813704093954827385e+02
1.669669669669669569e+08 3.813704093954827385e+02
1.671671671671671569e+08 3.813704093954827385e+02
1.673673673673673570e+08 3.813704093954827385e+02
1.675675675675675571e+08 3.813704093954827385e+02
1.677677677677677572e+08 3.813704093954827385e+02
1.679679679679679573e+08 3.813704093954827385e+02
1.681681681681681573e+08 3.813704093954827385e+02
1.683683683683683574e+08 3.813704093954827385e+02
1.685685685685685575e+08 3.813704093954827385e+02
1.687687687687687576e+08 3.813704093954827385e+02
1.689689689689689577e+08 3.813704093954827385e+02
1.691691691691691577e+08 3.813704093954827385e+02
1.693693693693693578e+08 3.813704093954827385e+02
1.695695695695695579e+08 3.813704093954827385e+02
1.697697697697697580e+08 3.813704093954827385e+02
1.699699699699699581e+08 3.813704093954827385e+02
1.701701701701701581e+08 3.813704093954827385e+02
1.703703703703703582e+08 3.813704093954827385e+02
1.705705705705705583e+08 3.813704093954827385e+02
1.707707707707707584e+08 3.813704093954827385e+02
1.709709709709709585e+08 3.813704093954827385e+02
1.711711711711711586e+08 3.813704093954827385e+02
1.713713713713713586e+08 3.813704093954827385e+02
1.715715715715715587e+08 3.813704093954827385e+02
1.717717717717717588e+08 3.813704093954827385e+02
1.719719719719719589e+08 3.813704093954827385e+02
1.721721721721721590e+08 3.813704093954827385e+02
1.723723723723723590e+08 3.813704093954827385e+02
1.725725725725725591e+08 3.813704093954827385e+02
1.727727727727727592e+08 3.813704093954827385e+02
1.729729729729729593e+08 3.813704093954827385e+02
1.731731731731731594e+08 3.813704093954827385e+02
1.733733733733733594e+08 3.813704093954827385e+02
1.735735735735735595e+08 3.813704093954827385e+02
1.737737737737737596e+08 3.813704093954827385e+02
1.739739739739739597e+08 3.813704093954827385e+02
1.741741741741741598e+08 3.813704093954827385e+02
1.743743743743743598e+08 3.813704093954827385e+02
1.745745745745745599e+08 3.813704093954827385e+02
1.747747747747747600e+08 3.813704093954827385e+02
1.749749749749749601e+08 3.813704093954827385e+02
1.751751751751751602e+08 3.813704093954827385e+02
1.753753753753753603e+08 3.813704093954827385e+02
1.755755755755755603e+08 3.813704093954827385e+02
1.757757757757757604e+08 3.813704093954827385e+02
1.759759759759759605e+08 3.813704093954827385e+02
1.761761761761761606e+08 3.813704093954827385e+02
1.763763763763763607e+08 3.813704093954827385e+02
1.765765765765765607e+08 3.813704093954827385e+02
1.767767767767767608e+08 3.813704093954827385e+02
1.769769769769769609e+08 3.813704093954827385e+02
1.771771771771771610e+08 3.813704093954827385e+02
1.773773773773773611e+08 3.813704093954827385e+02
1.775775775775775611e+08 3.813704093954827385e+02
1.777777777777777612e+08 3.813704093954827385e+02
1.779779779779779613e+08 3.813704093954827385e+02
1.781781781781781614e+08 3.813704093954827385e+02
1.783783783783783615e+08 3.813704093954827385e+02
1.785785785785785615e+08 3.813704093954827385e+02
1.787787787787787616e+08 3.813704093954827385e+02
1.789789789789789617e+08 3.813704093954827385e+02
1.791791791791791618e+08 3.813704093954827385e+02
1.793793793793793917e+08 3.813704093954827385e+02
1.795795795795795918e+08 3.813704093954827385e+02
1.797797797797797918e+08 3.813704093954827385e+02
1.799799799799799919e+08 3.813704093954827385e+02
1.801801801801801920e+08 3.813704093954827385e+02
1.803803803803803921e+08 3.813704093954827385e+02
1.805805805805805922e+08 3.813704093954827385e+02
1.807807807807807922e+08 3.813704093954827385e+02
1.809809809809809923e+08 3.813704093954827385e+02
1.811811811811811924e+08 3.813704093954827385e+02
1.813813813813813925e+08 3.813704093954827385e+02
1.815815815815815926e+08 3.813704093954827385e+02
1.817817817817817926e+08 3.813704093954827385e+02
1.819819819819819927e+08 3.813704093954827385e+02
1.821821821821821928e+08 3.813704093954827385e+02
1.823823823823823929e+08 3.813704093954827385e+02
1.825825825825825930e+08 3.813704093954827385e+02
1.827827827827827930e+08 3.813704093954827385e+02
1.829829829829829931e+08 3.813704093954827385e+02
1.831831831831831932e+08 3.813704093954827385e+02
1.833833833833833933e+08 3.813704093954827385e+02
1.835835835835835934e+08 3.813704093954827385e+02
1.837837837837837934e+08 3.813704093954827385e+02
1.839839839839839935e+08 3.813704093954827385e+02
1.841841841841841936e+08 3.813704093954827385e+02
1.843843843843843937e+08 3.813704093954827385e+02
1.845845845845845938e+08 3.813704093954827385e+02
1.847847847847847939e+08 3.813704093954827385e+02
1.849849849849849939e+08 3.813704093954827385e+02
1.851851851851851940e+08 3.813704093954827385e+02
1.853853853853853941e+08 3.813704093954827385e+02
1.855855855855855942e+08 3.813704093954827385e+02
1.857857857857857943e+08 3.813704093954827385e+02
1.859859859859859943e+08 3.813704093954827385e+02
1.861861861861861944e+08 3.813704093954827385e+02
1.863863863863863945e+08 3.813704093954827385e+02
1.865865865865865946e+08 3.813704093954827385e+02
1.867867867867867947e+08 3.813704093954827385e+02
1.869869869869869947e+08 3.813704093954827385e+02
1.871871871871871948e+08 3.813704093954827385e+02
1.873873873873873949e+08 3.813704093954827385e+02
1.875875875875875950e+08 3.813704093954827385e+02
1.877877877877877951e+08 3.813704093954827385e+02
1.879879879879879951e+08 3.813704093954827385e+02
1.881881881881881952e+08 3.813704093954827385e+02
1.883883883883883953e+08 3.813704093954827385e+02
1.885885885885885954e+08 3.813704093954827385e+02
1.887887887887887955e+08 3.813704093954827385e+02
1.889889889889889956e+08 3.813704093954827385e+02
1.891891891891891956e+08 3.813704093954827385e+02
1.893893893893893957e+08 3.813704093954827385e+02
1.895895895895895958e+08 3.813704093954827385e+02
1.897897897897897959e+08 3.813704093954827385e+02
1.899899899899899960e+08 3.813704093954827385e+02
1.901901901901901960e+08 3.813704093954827385e+02
1.903903903903903961e+08 3.813704093954827385e+02
1.905905905905905962e+08 3.813704093954827385e+02
1.907907907907907963e+08 3.813704093954827385e+02
1.909909909909909964e+08 3.813704093954827385e+02
1.911911911911911964e+08 3.813704093954827385e+02
1.913913913913913965e+08 3.813704093954827385e+02
1.915915915915915966e+08 3.813704093954827385e+02
1.917917917917917967e+08 3.813704093954827385e+02
1.919919919919919968e+08 3.813704093954827385e+02
1.921921921921921968e+08 3.813704093954827385e+02
1.923923923923923969e+08 3.813704093954827385e+02
1.925925925925925970e+08 3.813704093954827385e+02
1.927927927927927971e+08 3.813704093954827385e+02
1.929929929929929972e+08 3.813704093954827385e+02
1.931931931931931973e+08 3.813704093954827385e+02
1.933933933933933973e+08 3.813704093954827385e+02
1.935935935935935974e+08 3.813704093954827385e+02
1.937937937937937975e+08 3.813704093954827385e+02
1.939939939939939976e+08 3.813704093954827385e+02
1.941941941941941977e+08 3.813704093954827385e+02
1.943943943943943977e+08 3.813704093954827385e+02
1.945945945945945978e+08 3.813704093954827385e+02
1.947947947947947979e+08 3.813704093954827385e+02
1.949949949949949980e+08 3.813704093954827385e+02
1.951951951951951981e+08 3.813704093954827385e+02
1.953953953953953981e+08 3.813704093954827385e+02
1.955955955955955982e+08 3.813704093954827385e+02
1.957957957957957983e+08 3.813704093954827385e+02
1.959959959959959984e+08 3.813704093954827385e+02
1.961961961961961985e+08 3.813704093954827385e+02
1.963963963963963985e+08 3.813704093954827385e+02
1.965965965965965986e+08 3.813704093954827385e+02
1.967967967967967987e+08 3.813704093954827385e+02
1.969969969969969988e+08 3.813704093954827385e+02
1.971971971971971989e+08 3.813704093954827385e+02
1.973973973973973989e+08 3.813704093954827385e+02
1.975975975975975990e+08 3.813704093954827385e+02
1.977977977977977991e+08 3.813704093954827385e+02
1.979979979979979992e+08 3.813704093954827385e+02
1.981981981981981993e+08 3.813704093954827385e+02
1.983983983983983994e+08 3.813704093954827385e+02
1.985985985985985994e+08 3.813704093954827385e+02
1.987987987987987995e+08 3.813704093954827385e+02
1.989989989989989996e+08 3.813704093954827385e+02
1.991991991991991997e+08 3.813704093954827385e+02
1.993993993993993998e+08 3.813704093954827385e+02
1.995995995995995998e+08 3.813704093954827385e+02
1.997997997997997999e+08 3.813704093954827385e+02
2.000000000000000000e+08 3.813704093954827385e+02
